0.277869 0.017403  0.61006
0.278596 0.023773 0.602877
 0.282281 0.0019054   0.60158
  0.276838 -0.0498753   0.607646
  0.264094 -0.0278806   0.608871
 0.275033 -0.053301  0.609375
0.274865 0.136124 0.588216
 0.241841 0.0247636  0.604355
   0.279089 -0.00297653    0.605743
 0.281453 0.0582346   0.59837
 0.250788 0.0608519  0.609256
 0.274657 -0.122325  0.602437
 0.27446 0.123934 0.591923
   0.273483 -0.00545152    0.613254
 0.272933 -0.030186  0.612202
0.274061 -0.12626 0.602534
 0.285288 0.0848678  0.583641
  0.275913 -0.0754465   0.608167
  0.252467 -0.0660991   0.593589
 0.262859 -0.137223  0.591815
 0.275586 0.0688628  0.600987
0.276342 0.127039 0.590698
  0.278218 -0.0425569   0.607607
 0.257348 0.0490113  0.605328
 0.274857 0.0448132   0.60738
  0.275691 -0.0872757   0.605874
  0.271782 -0.0923532   0.606256
 0.284557 0.0358426  0.593415
   0.27587 0.00948962   0.612523
  0.273871 -0.0724807   0.610321
 0.273241 0.0742371  0.597843
  0.269999 -0.0118274   0.608139
 0.242202 0.0760874   0.60843
 0.274754 0.0828965  0.601368
  0.273635 -0.0548181   0.610401
  0.260453 -0.0634759   0.604718
 0.268624 -0.129798  0.601506
 0.254772 0.0167294  0.612153
 0.258995 -0.107357  0.592097
 0.247824 0.0773989  0.607425
 0.284359 0.0695396   0.60826
 0.274691 0.0114276  0.613605
 0.274067 -0.116146  0.605464
  0.273964 -0.0419088   0.610519
 0.277416 0.0911956  0.596168
  0.272442 -0.0355383   0.613001
  0.275157 -0.0780243   0.606813
 0.241886 0.0297192  0.603265
 0.273097 -0.107672  0.608974
  0.257876 -0.0842184   0.595968
 0.248548 -0.023722   0.59432
  0.273185 -0.0625953   0.608813
 0.245446 0.0167203  0.613537
  0.275676 -0.0746727   0.610782
 0.276028 0.0140867  0.612787
 0.258836 -0.109581  0.591501
 0.254599 -0.103348  0.589219
  0.275721 0.00258241   0.606705
 0.269863 0.0819156  0.595421
  0.267228 -0.0759289   0.607703
 0.265409 0.0210225  0.604397
 0.241415 0.0212179  0.603544
  0.262724 -0.0993875   0.598092
 0.236096 0.0680872   0.60031
   0.273317 -0.00451602    0.614243
0.273817 0.042281 0.607637
 0.273153 0.0807101    0.5999
  0.272294 -0.0739531   0.607726
 0.260547 0.0684464  0.597752
  0.273657 -0.0812238    0.60962
 0.283858 0.0477279  0.597104
 0.284905 0.0400849  0.594896
 0.244954 0.0683524  0.610379
  0.275273 -0.0765047   0.607928
  0.274768 -0.0629311   0.610783
  0.276787 -0.0226956   0.608111
  0.267706 -0.0426888   0.608739
 0.26912 0.067789 0.595338
  0.274979 -0.0325066   0.609914
  0.273937 -0.0972698   0.604846
   0.26837 -0.0920694   0.605813
0.286228 0.057882 0.586229
  0.274452 -0.0130989    0.61212
   0.26539 -0.0775998    0.60612
  0.270991 -0.0455767   0.610178
  0.253639 -0.0828287   0.593647
 0.260904 -0.137076  0.588122
  0.275618 -0.0713627   0.609029
0.241925 0.020043 0.605448
0.283201  0.11008 0.583344
 0.276203 0.0016369  0.611306
 0.277969 0.0474656  0.609762
  0.276882 0.00748984   0.609727
 0.25774 -0.11256 0.589559
  0.259921 -0.0107081   0.611408
 0.263978 -0.133299  0.595453
 0.258142 -0.108491  0.590997
  0.259638 -0.0399398   0.607144
   0.273556 -0.00358406    0.612912
 0.259165 0.0311683  0.607745
0.275237 0.131053 0.589479
 0.285458 0.0511637  0.590331
  0.259396 -0.0363986   0.607439
  0.273975 -0.0050001   0.613182
0.274078 0.101357 0.597824
  0.275048 -0.0780277   0.606887
0.268714 0.022159 0.602762
 0.278558 0.0231637  0.609479
 0.286927 0.0662441  0.596072
0.285025 0.054835 0.599507
 0.264374 -0.128609  0.598362
0.246253 0.073621  0.60941
0.272975 -0.10561 0.609119
  0.260266 -0.0189415   0.610222
  0.26657 -0.119246  0.601396
 0.275982 0.0116294   0.61234
 0.266074 -0.108505  0.599969
  0.252088 -0.0870841   0.591438
  0.276351 -0.0999709   0.604891
0.275354 0.115646 0.594168
 0.270281 0.0622567  0.596259
0.241912 0.046553 0.609142
 0.239409 0.0715034  0.603995
 0.274174 0.0147737  0.605957
  0.27667 0.0138088  0.611524
 0.253757 -0.111675  0.586849
  0.24119 0.0682786  0.606269
 0.254068 0.0464127  0.608228
  0.273043 -0.0974121   0.606356
 0.237884 0.0645756  0.601741
  0.273435 -0.0750944   0.606705
  0.265948 -0.0472544   0.608633
  0.273138 -0.0899483    0.60596
  0.274616 -0.0131718   0.611844
 0.282144 0.0441531  0.600196
 0.246947 0.0591497  0.610749
  0.272383 -0.0792552   0.606901
 0.255655 -0.117519  0.586713
 0.255828 -0.123013  0.583557
    0.27678 0.000800476    0.606997
 0.285344 0.0797424  0.586869
 0.254288 0.0816477  0.600415
  0.275011 -0.0776324   0.610098
 0.281773 0.0657868  0.594756
 0.274821 0.0822783  0.601257
  0.252625 -0.0376301   0.599433
  0.253246 -0.0912162   0.591095
  0.274064 -0.0270765   0.611549
  0.264877 -0.0173081   0.609281
 0.286167 0.0740136  0.605487
 0.266281 0.0994791  0.595075
 0.263639 0.0486915  0.600485
 0.270126 -0.033337  0.611343
 0.262361 -0.122091   0.59582
  0.26624 0.0420101  0.598631
 0.254434 0.0116863  0.612383
 0.259561 0.0419763  0.604591
   0.27626 -0.0750605   0.608279
  0.2848 0.110242 0.576557
 0.265146 -0.138392  0.594718
 0.280642 0.0138172  0.602181
  0.273467 -0.0995522   0.606824
0.250994  0.06089 0.609383
  0.26932 0.0792898  0.595065
  0.274195 -0.0773762   0.608851
 0.283352 0.0404739  0.592741
  0.273566 -0.0840185   0.609094
 0.282291 0.0779689  0.595434
 0.257161 0.0430762  0.606474
  0.275734 -0.0307294   0.608018
 0.274626 0.0133081  0.614318
  0.273966 -0.0753036    0.60936
  0.274259 -0.0432654   0.610111
  0.275964 -0.0209795   0.609737
 0.258119 0.0498553  0.603502
 0.263032 -0.124827  0.596697
 0.274748 0.0846899  0.601092
  0.28562 0.0780697  0.584216
 0.267684 0.0322153  0.599782
  0.271403 -0.0481288   0.609826
  0.280152 0.00949773   0.604562
 0.272705 0.0831035  0.597731
 0.267163 0.0347089  0.598866
  0.273503 -0.0955503   0.605218
  0.274454 -0.0813564   0.610225
  0.274621 -0.0908853   0.608878
 0.278655 0.0240344  0.608789
 0.275922 -0.115595  0.603781
 0.281427 0.0137769  0.602439
 0.258732 0.0474749  0.603382
  0.257624 -0.0944767   0.595109
     0.273 -0.0300802    0.61174
 0.242233 0.0367809  0.603259
  0.255474 -0.0571162   0.598131
 0.272589 -0.033828  0.612467
 0.284878 0.0708478  0.584747
0.289152 0.088639 0.596532
 0.274402 -0.100016  0.609045
  0.262845 -0.0783918   0.603277
    0.282216 -0.000572582     0.601662
 0.240896 0.0358991  0.600028
  0.272139 -0.0644839   0.608549
  0.251816 -0.0395496   0.595133
  0.263162 -0.0986211   0.598122
 0.254927 0.0687268  0.603384
 0.273257 0.0857649  0.597706
 0.242143 0.0277265  0.604679
 0.284633 0.0854679  0.605281
  0.258809 -0.0331975   0.607361
 0.246295 0.0538544  0.611232
  0.272178 -0.0611307   0.608796
  0.275647 -0.0710122   0.609219
 0.278181 0.0929541  0.594935
 0.274394 -0.128237  0.601941
  0.272798 -0.0184864   0.609379
 0.284168 0.0944252  0.590222
 0.239832 0.0695532  0.604611
 0.275479 -0.104298  0.606312
 0.285332 0.0766863  0.602919
 0.287603 0.0952301  0.598946
0.272071  0.04921 0.601814
 0.270769 0.0820032   0.59569
  0.269583 -0.0419608   0.608958
  0.26872 -0.102775  0.604153
 0.269332 0.0521052  0.595232
  0.279124 -0.0289039    0.60596
  0.275163 -0.0932773   0.608713
 0.250455 0.0311952  0.611878
  0.275962 -0.0910533   0.605266
 0.264727 -0.135249  0.596985
0.274474 0.112687 0.596302
 0.245227 0.0640715  0.610832
 0.285868 0.0583582  0.585552
  0.275021 -0.0335993   0.608248
 0.28094 0.114612 0.588309
   0.263662 -0.00631555    0.609004
  0.276191 -0.0345804   0.611028
 0.264544 0.0357525  0.601119
  0.273487 -0.0782917    0.60962
0.263267  -0.1311 0.593082
  0.274829 0.00949892   0.607282
  0.251992 -0.0140648   0.605008
   0.273456 -0.00940433    0.614154
  0.260156 -0.0647531   0.603745
 0.26952 0.119595   0.5932
0.284559 0.053844 0.594831
 0.254605 0.0825053  0.600073
   0.279052 -0.00621114    0.606101
 0.272938 0.0425539  0.606362
   0.259086 -0.00730481    0.611239
   0.2808 0.0649257  0.601876
 0.270851 0.0521759  0.596469
 0.279649 0.0278699  0.606352
 0.248556 0.0114062  0.611697
  0.27544 -0.119431  0.602871
 0.274268 0.0974249  0.599975
  0.273557 -0.0623141   0.609746
 0.238796 0.0661787  0.603234
  0.275442 -0.0709828   0.610477
  0.264265 -0.0271814   0.609153
 0.242752 0.0684061  0.607717
  0.270852 -0.0440426   0.610302
 0.244244 0.0553889  0.611464
 0.269723 0.0164616  0.603877
 0.274641 0.0947587  0.599068
 0.278757 0.0328329  0.604164
0.279926 0.103192 0.591346
0.273197 0.118175 0.593202
  0.273953 -0.0432491   0.610369
 0.268387 0.0540259  0.594482
 0.280331 0.0831127  0.594551
  0.24564 0.0604518  0.611361
 0.283254 0.0430241  0.592656
 0.284252 0.0943688  0.583498
 0.281287 0.0587906  0.601913
  0.273114 -0.0652205    0.61035
  0.265331 -0.0501024   0.608399
0.242392 0.057169 0.610047
 0.268258 0.0858212  0.595034
0.273078 0.100064 0.596888
  0.275855 -0.0429867   0.612543
 0.254643 0.0824854  0.600051
 0.260709 -0.054361  0.605832
 0.271426 0.0211477   0.60215
  0.276262 -0.0906177   0.606361
 0.269416 -0.117128  0.602111
  0.272909 -0.0764768   0.608577
  0.275045 0.00722204   0.607269
  0.273842 -0.0678761   0.609041
  0.273056 -0.0487799    0.61117
 0.286218 0.0549439  0.587669
 0.285422 0.0584794   0.58582
 0.282756 0.0281169  0.596725
  0.248691 -0.0221266   0.594252
 0.275229 0.0716844  0.602285
 0.279987 0.0767013  0.595937
 0.262286 -0.114923  0.597066
  0.270121 -0.0348685   0.610615
  0.273491 -0.0534155   0.610622
  0.253348 -0.0348062   0.602826
 0.288819 0.0663752  0.596679
 0.261924 -0.115896  0.596759
 0.257453 0.0845002  0.597973
 0.243567 0.0249716  0.608559
  0.254719 -0.0572346    0.59717
 0.241939 0.0417428  0.605994
0.269784  0.10111 0.595897
  0.275684 -0.0775434   0.610136
 0.283767 0.0833752  0.590611
  0.274039 -0.0520085   0.610325
  0.274211 -0.0138393   0.609534
 0.273123 -0.037418  0.612449
  0.273089 -0.0721149   0.610354
 0.278497 0.0966001  0.593729
 0.243116 0.0361027  0.608414
 0.256453 0.0657165  0.603099
 0.252401 -0.101208  0.588588
0.274804  0.11772 0.594435
 0.253677 0.0489415  0.608013
    0.280759 -0.000721432     0.603799
  0.263858 -0.0631415   0.606701
 0.262737 -0.031937  0.608385
  0.264363 -0.0973076   0.598982
 0.266627 0.0192566  0.603575
  0.267541 0.00673143   0.606286
 0.254609 0.0167122  0.612153
 0.280108 0.0432001  0.601065
  0.264179 -0.0297883   0.608526
 0.267972 0.0561779   0.59445
0.254107 0.031987 0.612403
 0.259637 0.0222475  0.608562
0.242628 0.060686 0.609701
  0.276059 -0.0758902    0.60868
 0.248243 0.0696182  0.609145
 0.267139 0.0707647  0.594615
  0.267858 -0.0143481   0.607219
  0.272893 -0.0236163   0.612509
 0.267171 0.0895271  0.594486
 0.267733 0.0941021  0.595786
0.273521 0.112412 0.594502
   0.26154 -0.0914755   0.597507
 0.280471 0.0865326  0.593294
   0.282298 -0.00232525    0.601609
  0.273939 -0.0533706   0.609779
  0.26825 -0.114314  0.600216
 0.265207 0.0289987   0.60233
 0.260153 0.0193123  0.608788
 0.283679 0.0329259  0.597874
  0.27626 0.0101179  0.611501
