 0.888466 0.0313284      0.71   0.647348 -0.0477284       0.71
 0.693842 0.0598527      0.71   0.647348 -0.0477284       0.71
 0.736733 0.0209679      0.71   0.647348 -0.0477284       0.71
  0.733725 -0.0689448       0.71   0.647348 -0.0477284       0.71
 0.53314 -0.14813     0.71   0.647348 -0.0477284       0.71
 0.653398 -0.123479      0.71   0.647348 -0.0477284       0.71
0.686425 0.344947     0.71   0.647348 -0.0477284       0.71
  0.411037 -0.0997566       0.71   0.647348 -0.0477284       0.71
   0.757841 -0.00410778        0.71   0.647348 -0.0477284       0.71
 0.861095 0.0895992      0.71   0.647348 -0.0477284       0.71
 0.530072 0.0111209      0.71   0.647348 -0.0477284       0.71
 0.600005 -0.278024      0.71   0.647348 -0.0477284       0.71
0.691528 0.316359     0.71   0.647348 -0.0477284       0.71
  0.816165 0.00192546       0.71   0.647348 -0.0477284       0.71
  0.655933 -0.0651188       0.71   0.647348 -0.0477284       0.71
 0.595425 -0.288946      0.71   0.647348 -0.0477284       0.71
0.791082 0.132827     0.71   0.647348 -0.0477284       0.71
 0.647368 -0.159968      0.71   0.647348 -0.0477284       0.71
 0.418738 -0.274659      0.71   0.647348 -0.0477284       0.71
 0.492078 -0.398229      0.71   0.647348 -0.0477284       0.71
 0.70279 0.138324     0.71   0.647348 -0.0477284       0.71
0.741136 0.270136     0.71   0.647348 -0.0477284       0.71
 0.708477 -0.056189      0.71   0.647348 -0.0477284       0.71
  0.558483 0.00339941       0.71   0.647348 -0.0477284       0.71
 0.689634 0.0975298      0.71   0.647348 -0.0477284       0.71
 0.628939 -0.189794      0.71   0.647348 -0.0477284       0.71
 0.574447 -0.238563      0.71   0.647348 -0.0477284       0.71
 0.777083 0.0547391      0.71   0.647348 -0.0477284       0.71
  0.883188 0.00926936       0.71   0.647348 -0.0477284       0.71
 0.744772 -0.128144      0.71   0.647348 -0.0477284       0.71
0.670406 0.164051     0.71   0.647348 -0.0477284       0.71
   0.60849 -0.0637341       0.71   0.647348 -0.0477284       0.71
 0.478552 0.0127006      0.71   0.647348 -0.0477284       0.71
 0.69457 0.198919     0.71   0.647348 -0.0477284       0.71
0.848223 -0.10588     0.71   0.647348 -0.0477284       0.71
 0.497163 -0.226183      0.71   0.647348 -0.0477284       0.71
   0.5557 -0.310514      0.71   0.647348 -0.0477284       0.71
  0.504293 -0.0910687       0.71   0.647348 -0.0477284       0.71
 0.463608 -0.347948      0.71   0.647348 -0.0477284       0.71
 0.522513 0.0478369      0.71   0.647348 -0.0477284       0.71
0.984576 0.100656     0.71   0.647348 -0.0477284       0.71
 0.845621 0.0208457      0.71   0.647348 -0.0477284       0.71
 0.719889 -0.193017      0.71   0.647348 -0.0477284       0.71
  0.658814 -0.0898505       0.71   0.647348 -0.0477284       0.71
0.733981  0.18734     0.71   0.647348 -0.0477284       0.71
   0.81309 -0.0706105       0.71   0.647348 -0.0477284       0.71
  0.62758 -0.174472      0.71   0.647348 -0.0477284       0.71
  0.413248 -0.0896248       0.71   0.647348 -0.0477284       0.71
0.755294 -0.18905     0.71   0.647348 -0.0477284       0.71
 0.462302 -0.302577      0.71   0.647348 -0.0477284       0.71
 0.403616 -0.193295      0.71   0.647348 -0.0477284       0.71
  0.61838 -0.146974      0.71   0.647348 -0.0477284       0.71
 0.445516 -0.111267      0.71   0.647348 -0.0477284       0.71
 0.685603 -0.149108      0.71   0.647348 -0.0477284       0.71
 0.860423 0.0222534      0.71   0.647348 -0.0477284       0.71
0.461143 -0.35242     0.71   0.647348 -0.0477284       0.71
 0.425145 -0.338086      0.71   0.647348 -0.0477284       0.71
0.67009 0.01273    0.71   0.647348 -0.0477284       0.71
0.643226 0.175393     0.71   0.647348 -0.0477284       0.71
  0.54904 -0.221925      0.71   0.647348 -0.0477284       0.71
  0.578478 -0.0309221       0.71   0.647348 -0.0477284       0.71
 0.404752 -0.103617      0.71   0.647348 -0.0477284       0.71
 0.498621 -0.304806      0.71   0.647348 -0.0477284       0.71
  0.399252 -0.0104572       0.71   0.647348 -0.0477284       0.71
  0.813269 -0.0138544       0.71   0.647348 -0.0477284       0.71
 0.682906 0.0876667      0.71   0.647348 -0.0477284       0.71
0.679862 0.183705     0.71   0.647348 -0.0477284       0.71
0.600128 -0.18152     0.71   0.647348 -0.0477284       0.71
 0.585732 0.0967423      0.71   0.647348 -0.0477284       0.71
 0.822214 -0.154567      0.71   0.647348 -0.0477284       0.71
 0.923451 0.0778094      0.71   0.647348 -0.0477284       0.71
 0.753806 0.0691994      0.71   0.647348 -0.0477284       0.71
    0.499792 -0.000315198         0.71   0.647348 -0.0477284       0.71
 0.640254 -0.164499      0.71   0.647348 -0.0477284       0.71
 0.648865 -0.141208      0.71   0.647348 -0.0477284       0.71
  0.901128 -0.0528637       0.71   0.647348 -0.0477284       0.71
 0.569078 -0.143672      0.71   0.647348 -0.0477284       0.71
0.640869 0.139225     0.71   0.647348 -0.0477284       0.71
  0.862607 -0.0578865       0.71   0.647348 -0.0477284       0.71
 0.588917 -0.242229      0.71   0.647348 -0.0477284       0.71
0.553874 -0.24479     0.71   0.647348 -0.0477284       0.71
 0.797745 0.0916158      0.71   0.647348 -0.0477284       0.71
 0.863037 -0.017364      0.71   0.647348 -0.0477284       0.71
 0.532065 -0.229425      0.71   0.647348 -0.0477284       0.71
 0.611563 -0.118775      0.71   0.647348 -0.0477284       0.71
 0.429261 -0.299905      0.71   0.647348 -0.0477284       0.71
  0.46948 -0.394348      0.71   0.647348 -0.0477284       0.71
 0.647238 -0.152956      0.71   0.647348 -0.0477284       0.71
0.411525 -0.10701     0.71   0.647348 -0.0477284       0.71
0.780293 0.184727     0.71   0.647348 -0.0477284       0.71
    0.879155 -0.000353305         0.71   0.647348 -0.0477284       0.71
 0.881324 0.0681814      0.71   0.647348 -0.0477284       0.71
 0.790296 0.0130349      0.71   0.647348 -0.0477284       0.71
 0.448254 -0.357069      0.71   0.647348 -0.0477284       0.71
0.510577 -0.13179     0.71   0.647348 -0.0477284       0.71
 0.510726 -0.369263      0.71   0.647348 -0.0477284       0.71
 0.454436 -0.351096      0.71   0.647348 -0.0477284       0.71
 0.497974 -0.188671      0.71   0.647348 -0.0477284       0.71
  0.823768 0.00768141       0.71   0.647348 -0.0477284       0.71
  0.555606 -0.0345082       0.71   0.647348 -0.0477284       0.71
0.699676 0.330829     0.71   0.647348 -0.0477284       0.71
 0.785597 0.0774473      0.71   0.647348 -0.0477284       0.71
 0.497433 -0.182291      0.71   0.647348 -0.0477284       0.71
 0.802421 -0.021087      0.71   0.647348 -0.0477284       0.71
0.686895 0.254288     0.71   0.647348 -0.0477284       0.71
 0.629076 -0.173488      0.71   0.647348 -0.0477284       0.71
   0.609114 0.000621085        0.71   0.647348 -0.0477284       0.71
 0.893061 0.0398408      0.71   0.647348 -0.0477284       0.71
 0.946328 0.0908854      0.71   0.647348 -0.0477284       0.71
  0.94402 0.0788916      0.71   0.647348 -0.0477284       0.71
  0.52017 -0.348399      0.71   0.647348 -0.0477284       0.71
 0.507904 0.0164868      0.71   0.647348 -0.0477284       0.71
 0.778692 -0.190602      0.71   0.647348 -0.0477284       0.71
 0.510216 -0.147932      0.71   0.647348 -0.0477284       0.71
 0.535844 -0.312879      0.71   0.647348 -0.0477284       0.71
 0.892261 0.0171113      0.71   0.647348 -0.0477284       0.71
 0.526584 -0.292277      0.71   0.647348 -0.0477284       0.71
 0.413554 -0.308536      0.71   0.647348 -0.0477284       0.71
0.665208 -0.18613     0.71   0.647348 -0.0477284       0.71
0.730142 0.251091     0.71   0.647348 -0.0477284       0.71
0.647753 0.123925     0.71   0.647348 -0.0477284       0.71
  0.447766 -0.0537119       0.71   0.647348 -0.0477284       0.71
  0.442901 0.00288379       0.71   0.647348 -0.0477284       0.71
 0.654493 0.0212405      0.71   0.647348 -0.0477284       0.71
0.884008 0.021385     0.71   0.647348 -0.0477284       0.71
0.416709 -0.35352     0.71   0.647348 -0.0477284       0.71
   0.453664 -0.00669228        0.71   0.647348 -0.0477284       0.71
  0.539857 -0.0186777       0.71   0.647348 -0.0477284       0.71
0.846259  -0.1798     0.71   0.647348 -0.0477284       0.71
  0.417449 -0.0221255       0.71   0.647348 -0.0477284       0.71
 0.871334 -0.126619      0.71   0.647348 -0.0477284       0.71
 0.539847 -0.176641      0.71   0.647348 -0.0477284       0.71
 0.582727 -0.231738      0.71   0.647348 -0.0477284       0.71
  0.793328 -0.0118113       0.71   0.647348 -0.0477284       0.71
 0.907749 0.0776519      0.71   0.647348 -0.0477284       0.71
  0.506961 -0.0141591       0.71   0.647348 -0.0477284       0.71
 0.596768 -0.192979      0.71   0.647348 -0.0477284       0.71
 0.427891 -0.364319      0.71   0.647348 -0.0477284       0.71
  0.42357 -0.376143      0.71   0.647348 -0.0477284       0.71
  0.679649 0.00956792       0.71   0.647348 -0.0477284       0.71
0.781644 0.128196     0.71   0.647348 -0.0477284       0.71
 0.564856 0.0932361      0.71   0.647348 -0.0477284       0.71
 0.695671 -0.144271      0.71   0.647348 -0.0477284       0.71
0.834256 0.094709     0.71   0.647348 -0.0477284       0.71
 0.69907 0.192218     0.71   0.647348 -0.0477284       0.71
0.435827   -0.225     0.71   0.647348 -0.0477284       0.71
 0.419732 -0.316231      0.71   0.647348 -0.0477284       0.71
  0.851017 -0.0368822       0.71   0.647348 -0.0477284       0.71
 0.554488 -0.117574      0.71   0.647348 -0.0477284       0.71
0.980552 0.108633     0.71   0.647348 -0.0477284       0.71
0.623043 0.206965     0.71   0.647348 -0.0477284       0.71
 0.592392 0.0567983      0.71   0.647348 -0.0477284       0.71
  0.614163 -0.0932512       0.71   0.647348 -0.0477284       0.71
 0.496626 -0.350089      0.71   0.647348 -0.0477284       0.71
 0.603449 0.0416231      0.71   0.647348 -0.0477284       0.71
  0.494439 -0.0983284       0.71   0.647348 -0.0477284       0.71
   0.563053 -0.00664084        0.71   0.647348 -0.0477284       0.71
 0.651847 -0.156748      0.71   0.647348 -0.0477284       0.71
0.801813 0.169188     0.71   0.647348 -0.0477284       0.71
 0.516862 -0.390203      0.71   0.647348 -0.0477284       0.71
 0.708847 0.0433384      0.71   0.647348 -0.0477284       0.71
 0.842999 -0.188406      0.71   0.647348 -0.0477284       0.71
 0.532132 0.0156347      0.71   0.647348 -0.0477284       0.71
 0.63821 0.168503     0.71   0.647348 -0.0477284       0.71
 0.730597 -0.127883      0.71   0.647348 -0.0477284       0.71
 0.810237 0.0718852      0.71   0.647348 -0.0477284       0.71
 0.824635 -0.160176      0.71   0.647348 -0.0477284       0.71
0.857002 0.125744     0.71   0.647348 -0.0477284       0.71
   0.55175 -0.0175334       0.71   0.647348 -0.0477284       0.71
 0.896162 -0.066702      0.71   0.647348 -0.0477284       0.71
0.839358 0.025037     0.71   0.647348 -0.0477284       0.71
 0.739307 -0.123966      0.71   0.647348 -0.0477284       0.71
  0.652472 -0.0985549       0.71   0.647348 -0.0477284       0.71
  0.679783 -0.0294007       0.71   0.647348 -0.0477284       0.71
 0.566454 0.0215408      0.71   0.647348 -0.0477284       0.71
 0.504548 -0.350304      0.71   0.647348 -0.0477284       0.71
0.698853 0.199342     0.71   0.647348 -0.0477284       0.71
0.792752 0.120989     0.71   0.647348 -0.0477284       0.71
 0.605189 0.0162806      0.71   0.647348 -0.0477284       0.71
 0.602613 -0.133656      0.71   0.647348 -0.0477284       0.71
 0.715063 0.0339035      0.71   0.647348 -0.0477284       0.71
0.669478 0.189082     0.71   0.647348 -0.0477284       0.71
 0.602816 0.0207305      0.71   0.647348 -0.0477284       0.71
 0.584141 -0.241977      0.71   0.647348 -0.0477284       0.71
 0.796673 -0.148574      0.71   0.647348 -0.0477284       0.71
 0.800494 -0.169426      0.71   0.647348 -0.0477284       0.71
 0.886129 0.0476098      0.71   0.647348 -0.0477284       0.71
 0.681086 -0.208551      0.71   0.647348 -0.0477284       0.71
 0.723142 0.0374867      0.71   0.647348 -0.0477284       0.71
 0.567278 0.0178269      0.71   0.647348 -0.0477284       0.71
0.461303 -0.32005     0.71   0.647348 -0.0477284       0.71
 0.642583 -0.066182      0.71   0.647348 -0.0477284       0.71
  0.422488 -0.0698436       0.71   0.647348 -0.0477284       0.71
 0.453436 -0.251226      0.71   0.647348 -0.0477284       0.71
  0.777155 -0.0626334       0.71   0.647348 -0.0477284       0.71
0.813613 0.112977     0.71   0.647348 -0.0477284       0.71
0.957232 0.130763     0.71   0.647348 -0.0477284       0.71
 0.808255 -0.190344      0.71   0.647348 -0.0477284       0.71
 0.508511 -0.246549      0.71   0.647348 -0.0477284       0.71
 0.733686 0.0198065      0.71   0.647348 -0.0477284       0.71
  0.407074 -0.0746869       0.71   0.647348 -0.0477284       0.71
 0.599934 -0.165565      0.71   0.647348 -0.0477284       0.71
 0.418221 -0.234829      0.71   0.647348 -0.0477284       0.71
0.501743 -0.29326     0.71   0.647348 -0.0477284       0.71
   0.5582 0.0543998      0.71   0.647348 -0.0477284       0.71
0.670511 0.203474     0.71   0.647348 -0.0477284       0.71
  0.415893 -0.0940068       0.71   0.647348 -0.0477284       0.71
0.990138 0.123924     0.71   0.647348 -0.0477284       0.71
0.494907 -0.17777     0.71   0.647348 -0.0477284       0.71
  0.496278 -0.0332629       0.71   0.647348 -0.0477284       0.71
 0.600808 -0.159079      0.71   0.647348 -0.0477284       0.71
 0.648672 -0.151262      0.71   0.647348 -0.0477284       0.71
0.738981 0.186558     0.71   0.647348 -0.0477284       0.71
 0.600167 -0.287844      0.71   0.647348 -0.0477284       0.71
0.643072 -0.04334     0.71   0.647348 -0.0477284       0.71
 0.86677 0.144276     0.71   0.647348 -0.0477284       0.71
    0.44246 -0.00494895        0.71   0.647348 -0.0477284       0.71
 0.690755 -0.184388      0.71   0.647348 -0.0477284       0.71
0.941668 0.115376     0.71   0.647348 -0.0477284       0.71
0.959072 0.140318     0.71   0.647348 -0.0477284       0.71
 0.653546 0.0832932      0.71   0.647348 -0.0477284       0.71
0.648883 0.176992     0.71   0.647348 -0.0477284       0.71
 0.585709 -0.132047      0.71   0.647348 -0.0477284       0.71
 0.553016 -0.259442      0.71   0.647348 -0.0477284       0.71
 0.633037 0.0835611      0.71   0.647348 -0.0477284       0.71
   0.72853 -0.0306071       0.71   0.647348 -0.0477284       0.71
0.690722 -0.17164     0.71   0.647348 -0.0477284       0.71
 0.493255 -0.074551      0.71   0.647348 -0.0477284       0.71
 0.630956 -0.196387      0.71   0.647348 -0.0477284       0.71
 0.521048 -0.369535      0.71   0.647348 -0.0477284       0.71
0.715499 0.247395     0.71   0.647348 -0.0477284       0.71
    0.48661 -0.00534859        0.71   0.647348 -0.0477284       0.71
 0.800995 0.0926483      0.71   0.647348 -0.0477284       0.71
  0.889731 -0.0676916       0.71   0.647348 -0.0477284       0.71
0.760582  0.21826     0.71   0.647348 -0.0477284       0.71
 0.549639 -0.102442      0.71   0.647348 -0.0477284       0.71
  0.679372 -0.0605227       0.71   0.647348 -0.0477284       0.71
  0.59076 0.0163147      0.71   0.647348 -0.0477284       0.71
 0.821218 -0.140455      0.71   0.647348 -0.0477284       0.71
 0.499303 -0.375156      0.71   0.647348 -0.0477284       0.71
 0.664609 0.0201978      0.71   0.647348 -0.0477284       0.71
 0.450943 -0.160889      0.71   0.647348 -0.0477284       0.71
  0.823903 -0.0186997       0.71   0.647348 -0.0477284       0.71
 0.492593 -0.230461      0.71   0.647348 -0.0477284       0.71
0.646515 0.288799     0.71   0.647348 -0.0477284       0.71
 0.74579 0.101393     0.71   0.647348 -0.0477284       0.71
 0.567856 0.0975143      0.71   0.647348 -0.0477284       0.71
  0.705191 0.00346838       0.71   0.647348 -0.0477284       0.71
0.666725 0.076993     0.71   0.647348 -0.0477284       0.71
 0.505218 -0.128204      0.71   0.647348 -0.0477284       0.71
 0.87634 0.098355     0.71   0.647348 -0.0477284       0.71
 0.641266 0.0971692      0.71   0.647348 -0.0477284       0.71
 0.895158 0.0500458      0.71   0.647348 -0.0477284       0.71
  0.45835 -0.120543      0.71   0.647348 -0.0477284       0.71
0.697309 -0.20181     0.71   0.647348 -0.0477284       0.71
0.704952 0.228794     0.71   0.647348 -0.0477284       0.71
 0.845121 -0.114596      0.71   0.647348 -0.0477284       0.71
  0.428001 -0.0169935       0.71   0.647348 -0.0477284       0.71
 0.693878 -0.129611      0.71   0.647348 -0.0477284       0.71
 0.535506 -0.145346      0.71   0.647348 -0.0477284       0.71
  0.464201 0.00242685       0.71   0.647348 -0.0477284       0.71
   0.6105 -0.116531      0.71   0.647348 -0.0477284       0.71
  0.475201 -0.0363632       0.71   0.647348 -0.0477284       0.71
   0.61511 -0.0049443       0.71   0.647348 -0.0477284       0.71
0.692752 0.230198     0.71   0.647348 -0.0477284       0.71
 0.796791 0.0420537      0.71   0.647348 -0.0477284       0.71
0.752388 0.203951     0.71   0.647348 -0.0477284       0.71
0.674402 0.304621     0.71   0.647348 -0.0477284       0.71
 0.647019 -0.102718      0.71   0.647348 -0.0477284       0.71
 0.629927 0.0917328      0.71   0.647348 -0.0477284       0.71
0.745596 0.161648     0.71   0.647348 -0.0477284       0.71
  0.492761 -0.0119397       0.71   0.647348 -0.0477284       0.71
0.813643 0.074851     0.71   0.647348 -0.0477284       0.71
0.788414 0.150436     0.71   0.647348 -0.0477284       0.71
 0.895534 0.0852185      0.71   0.647348 -0.0477284       0.71
 0.804643 -0.117715      0.71   0.647348 -0.0477284       0.71
   0.5358 -0.182987      0.71   0.647348 -0.0477284       0.71
  0.458142 -0.0326006       0.71   0.647348 -0.0477284       0.71
0.632213 0.179249     0.71   0.647348 -0.0477284       0.71
0.673865 0.245435     0.71   0.647348 -0.0477284       0.71
   0.68942 -0.0699357       0.71   0.647348 -0.0477284       0.71
 0.568098 0.0977204      0.71   0.647348 -0.0477284       0.71
 0.501648 -0.209756      0.71   0.647348 -0.0477284       0.71
   0.62202 0.00706186       0.71   0.647348 -0.0477284       0.71
 0.663259 -0.171438      0.71   0.647348 -0.0477284       0.71
 0.558328 -0.278069      0.71   0.647348 -0.0477284       0.71
 0.845073 -0.137893      0.71   0.647348 -0.0477284       0.71
 0.664774 0.0169045      0.71   0.647348 -0.0477284       0.71
  0.74166 -0.104242      0.71   0.647348 -0.0477284       0.71
   0.80032 -0.0804613       0.71   0.647348 -0.0477284       0.71
 0.792104 0.0849504      0.71   0.647348 -0.0477284       0.71
 0.807316 0.0937386      0.71   0.647348 -0.0477284       0.71
 0.793353 0.0494685      0.71   0.647348 -0.0477284       0.71
 0.405406 -0.186487      0.71   0.647348 -0.0477284       0.71
0.697698 0.156641     0.71   0.647348 -0.0477284       0.71
0.738076 0.149315     0.71   0.647348 -0.0477284       0.71
 0.498684 -0.329219      0.71   0.647348 -0.0477284       0.71
 0.604127 -0.102891      0.71   0.647348 -0.0477284       0.71
 0.849423 -0.104267      0.71   0.647348 -0.0477284       0.71
 0.453671 -0.201873      0.71   0.647348 -0.0477284       0.71
0.964845 0.097738     0.71   0.647348 -0.0477284       0.71
 0.495396 -0.334237      0.71   0.647348 -0.0477284       0.71
0.580679 0.128998     0.71   0.647348 -0.0477284       0.71
  0.428585 -0.0994127       0.71   0.647348 -0.0477284       0.71
 0.444572 -0.261163      0.71   0.647348 -0.0477284       0.71
  0.433497 -0.0599633       0.71   0.647348 -0.0477284       0.71
0.647213 0.228433     0.71   0.647348 -0.0477284       0.71
 0.688638 -0.149567      0.71   0.647348 -0.0477284       0.71
0.767752 0.147296     0.71   0.647348 -0.0477284       0.71
 0.643314 -0.128365      0.71   0.647348 -0.0477284       0.71
  0.655425 -0.0282813       0.71   0.647348 -0.0477284       0.71
  0.767623 -0.0589816       0.71   0.647348 -0.0477284       0.71
 0.819544 -0.127528      0.71   0.647348 -0.0477284       0.71
0.743341 0.195109     0.71   0.647348 -0.0477284       0.71
  0.441135 -0.0695392       0.71   0.647348 -0.0477284       0.71
 0.564287 0.0498711      0.71   0.647348 -0.0477284       0.71
 0.410212 -0.333103      0.71   0.647348 -0.0477284       0.71
 0.71938 0.262616     0.71   0.647348 -0.0477284       0.71
  0.539206 -0.0147244       0.71   0.647348 -0.0477284       0.71
 0.719054 0.0182375      0.71   0.647348 -0.0477284       0.71
0.523791 -0.20905     0.71   0.647348 -0.0477284       0.71
 0.519522 -0.162389      0.71   0.647348 -0.0477284       0.71
  0.51097 -0.278938      0.71   0.647348 -0.0477284       0.71
  0.583444 -0.0294133       0.71   0.647348 -0.0477284       0.71
  0.591189 -0.0447665       0.71   0.647348 -0.0477284       0.71
  0.502704 -0.0911468       0.71   0.647348 -0.0477284       0.71
 0.708422 0.0856199      0.71   0.647348 -0.0477284       0.71
   0.5305 -0.153288      0.71   0.647348 -0.0477284       0.71
 0.627529 0.0999822      0.71   0.647348 -0.0477284       0.71
  0.519322 -0.0600548       0.71   0.647348 -0.0477284       0.71
 0.548152 -0.049274      0.71   0.647348 -0.0477284       0.71
  0.460857 -0.0249421       0.71   0.647348 -0.0477284       0.71
0.655385 -0.15516     0.71   0.647348 -0.0477284       0.71
 0.515392 0.0177564      0.71   0.647348 -0.0477284       0.71
0.624869 0.135414     0.71   0.647348 -0.0477284       0.71
  0.575187 -0.0954745       0.71   0.647348 -0.0477284       0.71
  0.840064 -0.0270986       0.71   0.647348 -0.0477284       0.71
0.624928 0.183399     0.71   0.647348 -0.0477284       0.71
0.634164 0.203254     0.71   0.647348 -0.0477284       0.71
  0.6759 0.286818     0.71   0.647348 -0.0477284       0.71
 0.489299 -0.293108      0.71   0.647348 -0.0477284       0.71
0.750866 0.169862     0.71   0.647348 -0.0477284       0.71
 0.730096 0.0170146      0.71   0.647348 -0.0477284       0.71
 0.858089 -0.104178      0.71   0.647348 -0.0477284       0.71
 0.544026 -0.283861      0.71   0.647348 -0.0477284       0.71
  0.588094 0.00319091       0.71   0.647348 -0.0477284       0.71
  0.545774 -0.0576362       0.71   0.647348 -0.0477284       0.71
0.739934 0.060538     0.71   0.647348 -0.0477284       0.71
 0.802629 0.0189743      0.71   0.647348 -0.0477284       0.71
