0.182838 0.00436381 -0.0729527
0.139808 0.00659566 -0.0551538
0.0204173 0.00649739 -0.00621111
0.010799 0.0111819 -0.000547002
0.00494357 0.0828348 0.028063
0.000272708 0.0103217 0.00367214
-0.181129 0.321952 0.213349
-0.0617877 0.0283352 0.0574255
-0.0599166 0.0248276 0.0553511
-0.0138384 0.00496621 0.0127327
-0.130673 0.0223225 0.118933
-0.0664667 -0.0566807 0.065789
-0.125859 -0.125634 0.127217
0.0158477 -0.0542413 0.00290721
0.0258554 -0.0396821 -0.00766924
0.0214676 -0.0241697 -0.00837296
0.217422 -0.223791 -0.0891465
