 0.912736 -0.243918      0.71
  1.13092 -0.246565      0.71
  0.89235 -0.140146      0.71
 1.09595 -0.37795     0.71
 0.888466 0.0313284      0.71
0.788304 0.202734     0.71
 1.10854 0.195387     0.71
 0.693842 0.0598527      0.71
 0.736733 0.0209679      0.71
0.639551 -0.41149     0.71
0.847678   -0.245     0.71
   0.970869 -0.00240625        0.71
  0.733725 -0.0689448       0.71
0.945644 0.231266     0.71
 0.53314 -0.14813     0.71
 0.50683 0.360288     0.71
 0.653398 -0.123479      0.71
0.461425 0.248963     0.71
 0.980177 -0.469069      0.71
  1.0201 0.374645     0.71
0.477814 0.215693     0.71
   1.01736 -0.0287774       0.71
 1.02957 0.232072     0.71
0.568269  0.24114     0.71
  1.15908 -0.580633      0.71
 0.885761 0.0742497      0.71
  1.14731 -0.402738      0.71
   0.97235 0.00580221       0.71
 0.828563 -0.291973      0.71
1.08016 0.34651    0.71
  1.1539 0.303813     0.71
  1.09193 -0.601215      0.71
0.999184 0.424788     0.71
  1.08741 -0.505751      0.71
0.840478 0.443443     0.71
0.686425 0.344947     0.71
 0.889037 -0.601219      0.71
 0.668354 -0.481085      0.71
  0.411037 -0.0997566       0.71
   0.757841 -0.00410778        0.71
 0.404841 0.0125548      0.71
 1.05861 0.270685     0.71
 0.861095 0.0895992      0.71
 1.19056 0.351266     0.71
 1.04005 0.503875     0.71
 1.12278 0.336037     0.71
0.688588 0.552661     0.71
 0.992374 0.0603115      0.71
    1.151 -0.411598      0.71
 1.11807 0.119399     0.71
  1.10292 -0.065949      0.71
   0.419 0.208697     0.71
 1.08186 0.209222     0.71
 0.750943 -0.532869      0.71
 0.530072 0.0111209      0.71
 0.600005 -0.278024      0.71
  1.13352 -0.386587      0.71
  1.01847 -0.433362      0.71
0.777144 -0.24488     0.71
 1.05651 0.545828     0.71
0.691528 0.316359     0.71
 0.918203 -0.404011      0.71
  0.816165 0.00192546       0.71
  0.655933 -0.0651188       0.71
 0.595425 -0.288946      0.71
0.406734 0.513812     0.71
 1.15106 -0.33118     0.71
0.780774 0.221374     0.71
 1.08299 0.357331     0.71
0.791082 0.132827     0.71
 0.647368 -0.159968      0.71
 0.418738 -0.274659      0.71
0.862953 0.485188     0.71
0.458198 0.192984     0.71
 0.790201 -0.395209      0.71
0.828682 0.461015     0.71
   1.009 0.283323     0.71
 0.492078 -0.398229      0.71
  1.07194 -0.190184      0.71
0.539037 0.386255     0.71
0.569975 0.307653     0.71
 0.988582 -0.146119      0.71
 0.852316 -0.473955      0.71
 1.12139 0.589681     0.71
 0.63395 0.447149     0.71
 1.17214 0.566626     0.71
0.839654 0.199329     0.71
 0.70279 0.138324     0.71
0.677233 0.483785     0.71
 0.924431 -0.487996      0.71
0.797462 0.434213     0.71
   0.5844 -0.444026      0.71
0.649185 0.546964     0.71
 0.97106 0.448461     0.71
 1.09732 0.297601     0.71
0.741136 0.270136     0.71
 0.708477 -0.056189      0.71
0.435458 0.349038     0.71
 1.00074 0.265006     0.71
 0.740798 -0.379004      0.71
0.439744 0.397873     0.71
  0.918254 -0.0478784       0.71
 0.918187 -0.435111      0.71
 0.897754 -0.238176      0.71
 1.04732 0.506503     0.71
 0.784836 -0.538155      0.71
0.521395 0.262165     0.71
0.781757 0.485005     0.71
  0.70757 -0.398601      0.71
0.444527 -0.58893     0.71
0.494893 0.428977     0.71
0.845504 0.470599     0.71
 0.497596 -0.567004      0.71
0.861992   0.4594     0.71
0.414544 -0.59706     0.71
0.498919  0.35278     0.71
  0.558483 0.00339941       0.71
0.686273 0.432712     0.71
 0.689634 0.0975298      0.71
 0.628939 -0.189794      0.71
 0.574447 -0.238563      0.71
   1.10881 -0.0090935       0.71
  1.13361 -0.235759      0.71
 1.02433 0.499475     0.71
 0.59471 0.369759     0.71
0.874295 0.447915     0.71
 0.777083 0.0547391      0.71
0.792709 0.324383     0.71
 0.454732 -0.461093      0.71
 1.08735 -0.40958     0.71
0.853339 0.420984     0.71
0.516783 -0.39705     0.71
1.10723  0.4241    0.71
0.805258 0.433174     0.71
  0.883188 0.00926936       0.71
1.15867 0.47523    0.71
 0.744772 -0.128144      0.71
0.706337 0.471223     0.71
0.670406 0.164051     0.71
 1.15677 0.385602     0.71
   0.60849 -0.0637341       0.71
 0.478552 0.0127006      0.71
 0.69457 0.198919     0.71
0.848223 -0.10588     0.71
 0.918155 -0.400512      0.71
  1.14153 -0.336079      0.71
0.661848 0.522537     0.71
  0.90128 -0.571529      0.71
   0.7339 -0.363113      0.71
  1.04489 -0.162056      0.71
 1.13443 0.123091     0.71
  1.09808 -0.432842      0.71
 0.497163 -0.226183      0.71
0.829315  0.58449     0.71
0.705069 0.383419     0.71
 0.848324 -0.522172      0.71
0.990865 0.200298     0.71
   0.5557 -0.310514      0.71
0.795737 0.253879     0.71
0.998841 0.341613     0.71
0.940554 0.239895     0.71
  0.504293 -0.0910687       0.71
 0.935423 -0.565735      0.71
 0.463608 -0.347948      0.71
0.533438 -0.46368     0.71
 0.522513 0.0478369      0.71
0.984576 0.100656     0.71
0.891697 0.502234     0.71
0.920398 0.139245     0.71
 0.870509 -0.377034      0.71
0.684933 0.547948     0.71
   1.12692 0.00753431       0.71
 0.754135 -0.457516      0.71
0.453168 0.528177     0.71
 1.13302 -0.29221     0.71
 0.845621 0.0208457      0.71
  1.00522 -0.214747      0.71
0.942698 0.290359     0.71
 0.719889 -0.193017      0.71
  0.658814 -0.0898505       0.71
0.407939 0.532152     0.71
0.733981  0.18734     0.71
   0.81309 -0.0706105       0.71
0.47531 0.28379    0.71
 0.87637 0.262883     0.71
0.936694  0.60379     0.71
1.14819 0.44166    0.71
0.568456 0.304123     0.71
 1.02797 0.199242     0.71
 0.95025 -0.02652     0.71
 0.914263 -0.322075      0.71
0.570924 0.310646     0.71
  0.62758 -0.174472      0.71
0.854699 0.482806     0.71
 1.14994 0.125478     0.71
  0.413248 -0.0896248       0.71
 0.908095 -0.550953      0.71
  1.01588 0.0728314      0.71
0.755294 -0.18905     0.71
 0.462302 -0.302577      0.71
0.410896 0.143929     0.71
  1.12859 -0.471148      0.71
 1.04116 0.262451     0.71
 0.403616 -0.193295      0.71
0.829553 0.203173     0.71
 0.935007 0.0392987      0.71
  0.61838 -0.146974      0.71
 1.07206 0.111397     0.71
 0.652835 -0.327158      0.71
 0.445516 -0.111267      0.71
0.556691  0.32222     0.71
 0.685603 -0.149108      0.71
 0.860423 0.0222534      0.71
0.461143 -0.35242     0.71
 0.425145 -0.338086      0.71
0.67009 0.01273    0.71
 0.885575 -0.152204      0.71
 0.865691 -0.446335      0.71
0.683235 0.448972     0.71
 1.08657 0.603245     0.71
0.643226 0.175393     0.71
0.522683 -0.40947     0.71
  0.54904 -0.221925      0.71
0.853764 -0.51307     0.71
 0.757561 -0.258001      0.71
  0.578478 -0.0309221       0.71
0.743271 0.356662     0.71
 0.591015 -0.307276      0.71
 0.404752 -0.103617      0.71
 0.579581 -0.307625      0.71
    1.0217 -0.0153175       0.71
 0.418215 0.0301604      0.71
0.781973 0.440148     0.71
 1.1199 0.49484    0.71
  0.4045 0.232394     0.71
  1.05595 -0.569846      0.71
 0.821395 -0.207371      0.71
 0.5107 0.45005    0.71
  1.09058 -0.383607      0.71
 0.498621 -0.304806      0.71
0.406946 0.349496     0.71
 0.465245 -0.434989      0.71
  1.14469 0.0848947      0.71
  0.399252 -0.0104572       0.71
0.635184 0.584378     0.71
 0.725417 -0.567434      0.71
   1.1712 -0.108028      0.71
  0.56511 -0.348532      0.71
  1.08836 -0.284622      0.71
  0.813269 -0.0138544       0.71
 0.843277 -0.521209      0.71
  1.05896 -0.135077      0.71
    0.681 -0.447323      0.71
 1.14302 0.141417     0.71
 0.682906 0.0876667      0.71
0.933511 0.212765     0.71
0.785008 0.419072     0.71
0.897208 -0.12766     0.71
0.493577 0.143629     0.71
  0.947024 -0.0429584       0.71
0.903655 0.410475     0.71
 0.631471 -0.297763      0.71
 0.77971 0.230967     0.71
  1.15671 0.0803955      0.71
0.814514 0.323461     0.71
0.659241  0.34276     0.71
 0.760551 -0.510521      0.71
0.679862 0.183705     0.71
  1.13015 -0.498352      0.71
0.558208 0.105209     0.71
0.469183  0.29724     0.71
 0.667321 -0.383515      0.71
0.442661 0.359249     0.71
 0.967891 -0.025771      0.71
 0.411046 -0.363472      0.71
  1.00091 -0.157604      0.71
0.810598 0.185409     0.71
  1.06951 -0.141136      0.71
0.704539 0.489474     0.71
   0.91474 -0.0203989       0.71
0.600128 -0.18152     0.71
 0.678876 -0.603042      0.71
 0.610433 -0.335627      0.71
  0.86202 -0.465399      0.71
0.960681 0.598701     0.71
  1.01451 -0.173662      0.71
 0.585732 0.0967423      0.71
0.925616 0.581275     0.71
 0.822214 -0.154567      0.71
 0.923451 0.0778094      0.71
 0.765006 -0.267557      0.71
 0.753806 0.0691994      0.71
1.09617  0.3184    0.71
   1.18961 0.00756574       0.71
    0.499792 -0.000315198         0.71
0.698732 -0.58588     0.71
 0.640254 -0.164499      0.71
 0.628633 -0.484365      0.71
 1.01362 0.428625     0.71
0.527703 0.119655     0.71
 0.565835 -0.465453      0.71
  1.19249 -0.413401      0.71
 0.850501 -0.236992      0.71
  1.08127 -0.055375      0.71
0.939646 0.352376     0.71
0.678564 0.445744     0.71
 0.648865 -0.141208      0.71
0.821366 0.410384     0.71
  0.65012 -0.521657      0.71
 0.917976 -0.397534      0.71
 0.880009 -0.320162      0.71
 0.937566 -0.317344      0.71
  0.901128 -0.0528637       0.71
  0.8799 0.295905     0.71
0.798284 -0.34516     0.71
 0.569078 -0.143672      0.71
  0.46428 -0.602697      0.71
 0.778879 -0.526562      0.71
 1.06955 0.133842     0.71
0.640869 0.139225     0.71
  1.19451 0.0733389      0.71
 0.985458 -0.532297      0.71
0.424515  0.54908     0.71
0.760951 0.432086     0.71
 0.88891 0.506097     0.71
  0.862607 -0.0578865       0.71
 0.584045 -0.450474      0.71
 0.946998 -0.353687      0.71
0.561026 0.584908     0.71
 0.588917 -0.242229      0.71
0.953655 -0.49058     0.71
0.909381  0.49893     0.71
0.553874 -0.24479     0.71
0.622534 0.572544     0.71
0.806512  0.45442     0.71
 0.797745 0.0916158      0.71
 0.863037 -0.017364      0.71
 1.03998 0.574287     0.71
 0.840129 -0.331151      0.71
 1.04146 -0.22701     0.71
 0.532065 -0.229425      0.71
  1.03509 -0.360286      0.71
 1.08329 0.373573     0.71
0.800589 0.202415     0.71
  1.01289 -0.497744      0.71
 1.00498 0.511347     0.71
 0.611563 -0.118775      0.71
0.962178 0.468928     0.71
 0.598103 -0.392005      0.71
0.756119 0.553678     0.71
0.788029 0.472841     0.71
 0.429261 -0.299905      0.71
  1.08662 -0.312992      0.71
0.468889  0.26717     0.71
 0.44385 0.112475     0.71
  0.46948 -0.394348      0.71
  1.10165 -0.276473      0.71
0.718055 0.324178     0.71
 1.18278 0.490626     0.71
0.742991 0.596283     0.71
 1.03819 0.402056     0.71
 0.647238 -0.152956      0.71
0.929302 0.277263     0.71
0.448795 0.153639     0.71
0.487504 -0.46808     0.71
 0.57279 0.484862     0.71
0.411525 -0.10701     0.71
 0.834772 -0.260626      0.71
0.780293 0.184727     0.71
0.451055 0.188037     0.71
 0.981326 0.0203959      0.71
 0.408958 -0.549155      0.71
 1.00183 0.413013     0.71
    0.879155 -0.000353305         0.71
  1.08956 -0.256624      0.71
0.657369 0.587979     0.71
  1.02967 -0.192912      0.71
 0.50888 0.122869     0.71
0.498152 0.310405     0.71
  1.03685 -0.259776      0.71
 0.881324 0.0681814      0.71
0.849643 0.197204     0.71
   1.07296 -0.0162264       0.71
  1.13391 -0.600815      0.71
 0.40392 0.349003     0.71
 0.790296 0.0130349      0.71
 0.895423 -0.238595      0.71
 0.448254 -0.357069      0.71
 0.642527 -0.275349      0.71
  0.927317 -0.0997088       0.71
 0.820487 -0.547789      0.71
 1.09414 0.436681     0.71
 0.82757 0.569965     0.71
0.760621 0.311907     0.71
0.510577 -0.13179     0.71
 1.05072 0.247504     0.71
 1.15567 0.222458     0.71
 0.917697 -0.114792      0.71
0.530506 0.474859     0.71
0.451191 0.594393     0.71
 1.07625 -0.25007     0.71
 0.724636 -0.226458      0.71
 0.510726 -0.369263      0.71
 0.6153 0.27903    0.71
 0.673114 -0.568715      0.71
 0.454436 -0.351096      0.71
 0.497974 -0.188671      0.71
  1.13751 -0.262262      0.71
 0.572955 -0.532002      0.71
0.543258 0.468115     0.71
0.851876 -0.32576     0.71
  0.823768 0.00768141       0.71
0.730515 0.520287     0.71
  0.555606 -0.0345082       0.71
0.770068   0.3688     0.71
0.766163 0.455872     0.71
 0.881674 -0.137166      0.71
 0.533134 -0.467148      0.71
0.900089 0.151412     0.71
 0.420887 -0.593121      0.71
0.699676 0.330829     0.71
 0.785597 0.0774473      0.71
  1.1127 0.205032     0.71
0.832874 0.484782     0.71
 0.424123 -0.558462      0.71
 0.497433 -0.182291      0.71
0.692959 -0.39554     0.71
 1.08927 0.401566     0.71
   1.01841 -0.0320603       0.71
 0.44389 0.221322     0.71
 1.08183 0.601793     0.71
 0.802421 -0.021087      0.71
 0.851065 -0.384293      0.71
 0.548138 -0.372098      0.71
0.686895 0.254288     0.71
  1.00739 -0.411396      0.71
  0.85518 -0.545139      0.71
 0.629076 -0.173488      0.71
   0.609114 0.000621085        0.71
0.566447 0.336492     0.71
 0.441259 -0.458057      0.71
 0.972975 -0.520308      0.71
 0.993413 -0.311903      0.71
0.816493 0.256302     0.71
  1.08123 0.0272131      0.71
 0.893061 0.0398408      0.71
 0.946328 0.0908854      0.71
  1.16528 -0.106848      0.71
  1.01601 0.0802631      0.71
 0.727661 -0.584714      0.71
0.756005 0.352203     0.71
  0.94402 0.0788916      0.71
 0.561014 -0.332738      0.71
0.509313  0.26256     0.71
 0.759854 -0.434333      0.71
  1.03196 -0.580197      0.71
 1.00716 0.539379     0.71
 0.914493 -0.453898      0.71
 1.1147 0.35583    0.71
  1.03401 0.0279427      0.71
  0.52017 -0.348399      0.71
  0.76523 -0.457798      0.71
  0.64785 -0.410458      0.71
 0.507904 0.0164868      0.71
 1.13134 0.232932     0.71
 0.778692 -0.190602      0.71
0.693554 0.562228     0.71
 0.801755 -0.555557      0.71
 0.510216 -0.147932      0.71
0.704931 0.349383     0.71
 0.535844 -0.312879      0.71
0.856213 0.339253     0.71
 0.892261 0.0171113      0.71
 0.716586 -0.421687      0.71
 0.718129 -0.431714      0.71
 0.888646 -0.387721      0.71
  1.00699 -0.200327      0.71
 0.526584 -0.292277      0.71
0.914262 0.493719     0.71
0.660018 0.499442     0.71
 0.413554 -0.308536      0.71
 0.438539 -0.598436      0.71
  1.06459 0.0354531      0.71
0.912763 0.467398     0.71
 1.11986 0.225775     0.71
0.665208 -0.18613     0.71
0.730142 0.251091     0.71
0.909181  0.58634     0.71
  1.10794 -0.476817      0.71
 1.08289 0.142118     0.71
0.647753 0.123925     0.71
  0.447766 -0.0537119       0.71
  0.442901 0.00288379       0.71
  1.08527 0.0465804      0.71
 1.06696 -0.15929     0.71
 0.654493 0.0212405      0.71
  1.03566 0.0414143      0.71
0.600179 0.230717     0.71
 0.496743 0.0337308      0.71
0.884008 0.021385     0.71
0.416709 -0.35352     0.71
0.520888 0.541229     0.71
0.988158 0.185997     0.71
0.955081 0.154584     0.71
0.516832 0.348747     0.71
 0.830764 -0.545618      0.71
   0.453664 -0.00669228        0.71
  0.954319 -0.0348925       0.71
 1.03811 0.599275     0.71
   1.05452 -0.0551112       0.71
0.782056 0.537746     0.71
  0.96279 -0.214509      0.71
0.906623 0.468335     0.71
0.837466 0.206669     0.71
0.421457 0.445493     0.71
 0.646692 -0.557624      0.71
  1.10278 -0.341224      0.71
 0.788408 -0.424144      0.71
   1.0407 -0.576953      0.71
 1.04216 0.391675     0.71
  1.16194 0.0670485      0.71
  0.539857 -0.0186777       0.71
0.846259  -0.1798     0.71
  1.17177 -0.237156      0.71
  1.11302 -0.133928      0.71
0.947756  0.30019     0.71
  0.417449 -0.0221255       0.71
0.730051 0.506907     0.71
 1.01569 0.232783     0.71
 0.871334 -0.126619      0.71
 1.17332 0.143173     0.71
 0.539847 -0.176641      0.71
  1.12207 -0.155865      0.71
0.834931 0.519232     0.71
 0.582727 -0.231738      0.71
 1.19315 0.154671     0.71
 0.609389 -0.309384      0.71
  0.793328 -0.0118113       0.71
 0.821021 -0.263865      0.71
 0.952629 -0.533426      0.71
 0.907749 0.0776519      0.71
0.402976 0.235123     0.71
  0.506961 -0.0141591       0.71
 0.596768 -0.192979      0.71
 0.982112 -0.062774      0.71
0.885631 0.354424     0.71
 0.427891 -0.364319      0.71
 0.82007 0.473419     0.71
 0.690273 -0.239155      0.71
 0.860359 -0.242798      0.71
0.862617 0.357908     0.71
0.614608 0.600635     0.71
  1.11816 -0.114129      0.71
0.546409 0.517338     0.71
 0.933677 -0.353487      0.71
0.546484 0.598645     0.71
0.849623 0.252377     0.71
 1.07354 0.441717     0.71
0.471785 0.297348     0.71
  0.42357 -0.376143      0.71
0.469175 0.300457     0.71
 1.17716 0.276147     0.71
0.732519 0.333605     0.71
  1.13476 -0.140399      0.71
 0.477131 -0.472412      0.71
0.580374 0.490802     0.71
  0.679649 0.00956792       0.71
  1.15632 -0.485787      0.71
0.914728 0.187285     0.71
 0.85621 0.397709     0.71
0.626087 0.290983     0.71
  1.15808 -0.449261      0.71
 0.874373 -0.181776      0.71
0.773933 0.428446     0.71
0.781644 0.128196     0.71
0.981677 0.328355     0.71
 1.11194 0.364943     0.71
 0.564856 0.0932361      0.71
  1.12028 -0.228972      0.71
 0.876741 0.0874258      0.71
 0.483501 -0.567568      0.71
 1.12067 0.526005     0.71
 1.16336 0.487276     0.71
0.449004  0.52886     0.71
 0.695671 -0.144271      0.71
  0.89924 -0.296677      0.71
0.834256 0.094709     0.71
  1.17622 -0.212573      0.71
0.845481 0.475743     0.71
 0.69907 0.192218     0.71
0.908329 0.200012     0.71
0.435827   -0.225     0.71
  0.958137 -0.0407747       0.71
0.520141 0.462694     0.71
 0.419732 -0.316231      0.71
 0.424654 0.0863653      0.71
 0.676661 -0.364719      0.71
0.841474 0.543253     0.71
0.940116 0.470744     0.71
 0.865925 -0.476635      0.71
 0.437551 -0.542139      0.71
  1.01403 0.0496472      0.71
0.602407 0.310457     0.71
 1.11767 0.587669     0.71
0.775407  0.22863     0.71
 0.892469 -0.294042      0.71
  0.851017 -0.0368822       0.71
 0.53133 -0.54007     0.71
 0.408089 0.0219088      0.71
  1.11142 -0.165387      0.71
0.483382 0.574918     0.71
 0.525443 0.0865277      0.71
 0.554488 -0.117574      0.71
 0.907616 -0.059447      0.71
0.980552 0.108633     0.71
0.623043 0.206965     0.71
 1.06476 0.445281     0.71
  1.01149 -0.588188      0.71
 0.72264 0.442757     0.71
 0.922965 -0.595283      0.71
 0.592392 0.0567983      0.71
0.429157 -0.52702     0.71
0.926666 0.578597     0.71
  1.01313 0.0814996      0.71
 1.03525 0.429015     0.71
 0.971093 -0.323085      0.71
0.798655 0.391617     0.71
 0.935396 -0.308644      0.71
  1.19056 -0.423107      0.71
 0.411622 -0.511975      0.71
0.479396 0.449491     0.71
 0.580417 -0.333203      0.71
 0.452122 -0.489593      0.71
0.627593 0.308152     0.71
 0.768537 -0.513851      0.71
  1.11156 0.0235394      0.71
  0.614163 -0.0932512       0.71
 0.802324 -0.262238      0.71
 0.812722 -0.252504      0.71
 0.683704 -0.528162      0.71
 0.931968 -0.408235      0.71
 0.496626 -0.350089      0.71
 0.644651 -0.556098      0.71
0.803384 0.212627     0.71
 0.603449 0.0416231      0.71
 1.14858 0.129121     0.71
 0.931708 -0.318673      0.71
0.641126 0.370001     0.71
 0.82964 0.491152     0.71
0.474678 0.351989     0.71
1.13477 0.38403    0.71
  1.12882 0.0333042      0.71
  0.494439 -0.0983284       0.71
   0.563053 -0.00664084        0.71
 0.768876 -0.301324      0.71
   1.1631 -0.503798      0.71
0.787361 -0.49506     0.71
0.437591 0.557938     0.71
 0.718311 -0.601168      0.71
 0.612621 -0.518723      0.71
 0.651847 -0.156748      0.71
0.652882 0.383883     0.71
  1.0389 -0.37436     0.71
0.785926 0.425941     0.71
 0.478163 -0.440747      0.71
 0.735696 -0.294653      0.71
0.873876 0.337798     0.71
0.798308 0.509588     0.71
 0.597556 -0.322632      0.71
 1.06713 0.269044     0.71
0.697339 0.475698     0.71
  1.15383 -0.160819      0.71
0.528357  0.43087     0.71
 1.15833 0.184616     0.71
 1.08735 0.502799     0.71
 0.811422 -0.380717      0.71
 0.718916 -0.402045      0.71
0.490881 0.339402     0.71
0.708431 0.472412     0.71
0.801813 0.169188     0.71
 0.412253 -0.434237      0.71
0.693846 0.520686     0.71
 1.08009 0.176119     0.71
0.688674 0.565264     0.71
1.08355 0.43166    0.71
 0.516862 -0.390203      0.71
 1.13635 0.407635     0.71
  1.03607 -0.555014      0.71
0.720017 0.442485     0.71
    1.142 -0.430609      0.71
0.818827 0.431876     0.71
 0.708847 0.0433384      0.71
 0.842999 -0.188406      0.71
 0.463923 0.0772784      0.71
 0.796305 -0.354284      0.71
 0.532132 0.0156347      0.71
0.787273 0.525766     0.71
 1.14244 -0.32702     0.71
 0.540575 -0.445569      0.71
 1.07901 0.215512     0.71
  0.911043 -0.0539599       0.71
 0.63821 0.168503     0.71
  0.89364 -0.547809      0.71
0.477237 0.562519     0.71
0.436893 0.506558     0.71
  1.04767 -0.453031      0.71
 0.730597 -0.127883      0.71
0.910733 0.342428     0.71
 0.963215 -0.166231      0.71
 0.404012 -0.473273      0.71
 0.72871 0.550493     0.71
0.997013 0.593152     0.71
0.860869 0.274572     0.71
  1.13346 -0.521817      0.71
0.480611 0.264498     0.71
 0.810237 0.0718852      0.71
0.972433 -0.49113     0.71
  1.17566 0.0990051      0.71
0.780423 -0.47373     0.71
0.811766 0.248232     0.71
 1.16301 0.239981     0.71
 0.945993 -0.036613      0.71
 0.644627 -0.259671      0.71
  0.84954 -0.321083      0.71
 0.824635 -0.160176      0.71
 1.03947 0.285581     0.71
   1.1174 0.0319541      0.71
 0.839175 -0.339071      0.71
0.876092 0.341037     0.71
0.492832 0.280083     0.71
 0.776263 -0.407193      0.71
   1.18036 0.00780909       0.71
  1.05577 -0.111889      0.71
0.857002 0.125744     0.71
   0.55175 -0.0175334       0.71
 0.896162 -0.066702      0.71
 0.99416 0.188194     0.71
0.973143 0.140265     0.71
  1.11957 -0.543044      0.71
 0.542427 -0.395313      0.71
0.839358 0.025037     0.71
 0.984879 -0.296782      0.71
0.407649 0.337481     0.71
 0.533035 -0.534109      0.71
 0.89696 -0.25138     0.71
0.747812 0.491528     0.71
 1.02916 -0.29052     0.71
 0.633242 -0.493308      0.71
  0.43238 -0.544724      0.71
 0.441334 -0.443899      0.71
0.782654 0.508938     0.71
0.601839 0.516681     0.71
 0.588107 -0.501175      0.71
 1.10778 -0.39029     0.71
 1.09421 0.195331     0.71
 0.739307 -0.123966      0.71
0.833451 0.356916     0.71
 0.779826 -0.393809      0.71
  1.15756 -0.434043      0.71
 0.875244 -0.346995      0.71
0.976074  0.16714     0.71
  1.04718 0.0146246      0.71
  0.652472 -0.0985549       0.71
0.921118 0.444359     0.71
 1.12419 0.447172     0.71
0.402817 0.603562     0.71
  0.7166 -0.25889     0.71
 0.809114 -0.273799      0.71
    1.182 -0.191929      0.71
0.854638 0.421415     0.71
0.962411 0.364871     0.71
  0.679783 -0.0294007       0.71
0.827769 0.580736     0.71
 1.14361 0.316494     0.71
0.537468 0.225358     0.71
 0.821076 -0.387662      0.71
  1.18196 -0.198665      0.71
 0.566454 0.0215408      0.71
 0.543445 -0.558741      0.71
0.710906 0.471558     0.71
0.578639 0.593542     0.71
  1.09448 -0.366053      0.71
 0.547793 -0.575652      0.71
 0.504548 -0.350304      0.71
 0.653239 -0.326915      0.71
 0.928397 -0.582634      0.71
0.698853 0.199342     0.71
   1.20085 -0.0410333       0.71
0.792752 0.120989     0.71
 0.895418 -0.352712      0.71
  1.17451 0.0710774      0.71
0.600136 0.515438     0.71
   1.0317 -0.213672      0.71
 1.15515 0.584087     0.71
 0.605189 0.0162806      0.71
 0.602613 -0.133656      0.71
 0.715063 0.0339035      0.71
1.16944  0.2034    0.71
0.669478 0.189082     0.71
   1.169 0.581798     0.71
 0.602816 0.0207305      0.71
0.685062 0.491478     0.71
0.732323 0.358068     0.71
 0.584141 -0.241977      0.71
 0.688115 -0.321552      0.71
   0.97897 -0.0301047       0.71
0.933846 0.117604     0.71
 0.977734 -0.531582      0.71
  1.00886 -0.129131      0.71
 0.796673 -0.148574      0.71
0.474068 0.588087     0.71
 0.800494 -0.169426      0.71
0.830859  0.21689     0.71
 0.886129 0.0476098      0.71
   0.6844 -0.463404      0.71
  1.04467 0.0849662      0.71
 1.02241 0.238407     0.71
0.708713 -0.44586     0.71
 0.989254 0.0242881      0.71
 0.681086 -0.208551      0.71
0.703997 0.577066     0.71
0.465449 0.520768     0.71
0.432125 0.416384     0.71
 0.96344 0.269624     0.71
 0.723142 0.0374867      0.71
 0.749093 -0.230152      0.71
 0.567278 0.0178269      0.71
 0.436138 -0.504127      0.71
0.430692 0.552075     0.71
 1.14438 0.184264     0.71
 0.70604 0.418718     0.71
 1.09113 0.100417     0.71
0.920001 -0.59823     0.71
0.461303 -0.32005     0.71
 0.642583 -0.066182      0.71
  1.13741 -0.593161      0.71
  1.01482 -0.228665      0.71
  0.422488 -0.0698436       0.71
 0.453436 -0.251226      0.71
  0.777155 -0.0626334       0.71
0.813613 0.112977     0.71
0.900119 0.160129     0.71
 0.553655 -0.436759      0.71
0.817388 0.228312     0.71
0.917581 -0.06042     0.71
0.551321 0.570603     0.71
0.957232 0.130763     0.71
 0.808255 -0.190344      0.71
 1.16789 -0.48883     0.71
0.403315 0.243188     0.71
 0.905836 -0.512247      0.71
 0.826585 -0.247518      0.71
 0.508511 -0.246549      0.71
 0.521114 -0.475275      0.71
 1.0406 0.50117    0.71
 0.713321 -0.274978      0.71
 0.507771 -0.450772      0.71
 1.19055 0.283488     0.71
  1.16283 -0.409605      0.71
0.991427  0.26341     0.71
 0.733686 0.0198065      0.71
0.681756 0.420789     0.71
 1.17593 0.115077     0.71
 0.789902 -0.336701      0.71
  1.11427 -0.580745      0.71
0.811317 0.213757     0.71
 0.749209 -0.316848      0.71
 0.746953 -0.237415      0.71
0.469167 -0.59882     0.71
0.768667 0.309384     0.71
 0.722596 -0.506342      0.71
 0.458922 0.0262157      0.71
  0.407074 -0.0746869       0.71
 0.599934 -0.165565      0.71
 0.418221 -0.234829      0.71
 0.414059 -0.393698      0.71
 1.14066 0.504426     0.71
0.501743 -0.29326     0.71
 0.677226 -0.535599      0.71
   0.5582 0.0543998      0.71
0.486925 0.245427     0.71
 0.936074 -0.217904      0.71
 0.762905 -0.562744      0.71
 1.04627 0.245956     0.71
  1.09018 -0.460687      0.71
 0.788412 -0.582843      0.71
0.670511 0.203474     0.71
0.945861 0.303132     0.71
0.812103 0.506535     0.71
  0.415893 -0.0940068       0.71
0.990138 0.123924     0.71
 0.502614 -0.440477      0.71
0.412787 0.140556     0.71
 0.559766 -0.532366      0.71
0.494907 -0.17777     0.71
  0.496278 -0.0332629       0.71
 0.588158 -0.362341      0.71
 0.909418 -0.268101      0.71
 0.600808 -0.159079      0.71
 0.648672 -0.151262      0.71
 0.651424 -0.484969      0.71
0.807435 0.366723     0.71
 0.946734 -0.168373      0.71
 0.962572 -0.372258      0.71
0.738981 0.186558     0.71
0.597581 0.359649     0.71
  1.05385 -0.581093      0.71
 0.600167 -0.287844      0.71
  1.08075 -0.217161      0.71
0.643072 -0.04334     0.71
 1.14345 0.399586     0.71
 0.72545 0.564798     0.71
0.959571 0.204423     0.71
 0.710223 -0.358357      0.71
0.407364 0.227875     0.71
 0.666517 -0.319254      0.71
 0.45079 0.351406     0.71
 1.15479 0.554307     0.71
 0.86677 0.144276     0.71
    0.44246 -0.00494895        0.71
 0.690755 -0.184388      0.71
  1.07715 -0.219778      0.71
  1.11585 0.0543172      0.71
  1.11723 -0.391742      0.71
 0.516151 -0.588766      0.71
 0.416485 -0.562072      0.71
0.996564 0.378775     0.71
 1.00436 0.442969     0.71
  0.935561 -0.0784744       0.71
0.941668 0.115376     0.71
0.959072 0.140318     0.71
 0.741238 -0.376119      0.71
0.490207 0.371102     0.71
0.436585 0.202206     0.71
 0.966947 -0.489344      0.71
   1.0672 -0.347978      0.71
0.909324 0.142786     0.71
 0.653546 0.0832932      0.71
 0.707547 -0.530448      0.71
0.648883 0.176992     0.71
  0.99127 -0.242704      0.71
 0.585709 -0.132047      0.71
  1.00362 -0.204026      0.71
 0.701239 -0.548176      0.71
  1.0283 0.238828     0.71
  0.998774 -0.0806484       0.71
0.763531 0.318973     0.71
  0.934748 -0.0847563       0.71
0.571451 0.402329     0.71
 0.553016 -0.259442      0.71
 1.12578 0.558929     0.71
 1.11011 0.161365     0.71
0.647525 0.603916     0.71
 0.633037 0.0835611      0.71
 0.784136 -0.499985      0.71
   0.72853 -0.0306071       0.71
  1.06392 -0.399756      0.71
0.690722 -0.17164     0.71
 0.493255 -0.074551      0.71
0.620556 0.348778     0.71
 0.630956 -0.196387      0.71
0.564264 0.137005     0.71
 0.521048 -0.369535      0.71
  0.95559 -0.358981      0.71
0.472351 0.490751     0.71
 0.599555 -0.471885      0.71
0.578545 0.538206     0.71
 0.727323 -0.222097      0.71
0.410505 0.392669     0.71
  1.09167 -0.565228      0.71
 0.399339 -0.515143      0.71
0.991801 -0.25888     0.71
0.715499 0.247395     0.71
1.00895 0.53798    0.71
 1.10326 0.211068     0.71
 0.50976 0.175594     0.71
   0.8374 -0.384863      0.71
  1.05396 -0.207165      0.71
    0.48661 -0.00534859        0.71
 0.969319 -0.534582      0.71
0.536949 0.422705     0.71
 0.771591 -0.484341      0.71
0.412725 0.268756     0.71
 1.01173 0.090228     0.71
0.788332 0.557842     0.71
 0.469396 -0.597672      0.71
 0.800995 0.0926483      0.71
0.639677 0.329003     0.71
  0.889731 -0.0676916       0.71
0.760582  0.21826     0.71
   1.02784 -0.0147555       0.71
0.769906 0.581588     0.71
 0.549639 -0.102442      0.71
0.756278 0.603794     0.71
  1.10922 -0.183215      0.71
  0.679372 -0.0605227       0.71
0.545789 0.338484     0.71
 1.03142 0.126455     0.71
  0.59076 0.0163147      0.71
0.793786 0.410324     0.71
 0.823664 -0.357333      0.71
 0.821218 -0.140455      0.71
 0.499303 -0.375156      0.71
 0.771546 -0.436203      0.71
0.713307 0.371024     0.71
 1.19901 0.187288     0.71
 0.664609 0.0201978      0.71
 0.450943 -0.160889      0.71
 0.484816 -0.510733      0.71
  1.05242 -0.372591      0.71
    1.0348 -0.0683053       0.71
 0.626323 -0.313677      0.71
 0.956652 -0.412945      0.71
 0.566809 -0.350542      0.71
   0.7442 -0.203106      0.71
 0.867566 -0.254392      0.71
 1.17723 0.254371     0.71
   1.18302 -0.0441708       0.71
0.589725 0.249794     0.71
  0.823903 -0.0186997       0.71
 0.492593 -0.230461      0.71
   1.1676 -0.513226      0.71
  1.04384 -0.236565      0.71
0.530048 0.298641     0.71
 0.679897 -0.509266      0.71
0.646515 0.288799     0.71
 0.43075 0.492626     0.71
   1.1465 -0.311313      0.71
 0.74579 0.101393     0.71
 0.969188 -0.215887      0.71
 0.567856 0.0975143      0.71
0.930666 0.196301     0.71
0.422824 0.383712     0.71
  0.705191 0.00346838       0.71
 0.892863 -0.359653      0.71
0.866508 0.400306     0.71
  0.928859 -0.0388317       0.71
 1.04218 0.388441     0.71
0.666725 0.076993     0.71
 0.647231 -0.288305      0.71
 0.505218 -0.128204      0.71
 0.888183 -0.567414      0.71
 1.06664 0.288478     0.71
 0.883677 -0.226573      0.71
0.887341 0.507587     0.71
 0.87634 0.098355     0.71
0.636289 0.577444     0.71
0.966333 -0.23292     0.71
 0.641266 0.0971692      0.71
 1.15302 0.191115     0.71
 0.840799 -0.340488      0.71
 0.817618 -0.485949      0.71
  1.17414 0.0624684      0.71
0.945176 0.566925     0.71
0.448263 0.537303     0.71
0.458175 -0.46061     0.71
 0.895158 0.0500458      0.71
0.99904 0.27427    0.71
0.737433 0.278281     0.71
 1.17194 0.335606     0.71
  0.45835 -0.120543      0.71
  1.1142 0.180997     0.71
0.600636 0.522924     0.71
  0.40454 -0.456187      0.71
 0.752492 -0.365548      0.71
0.894573 0.178883     0.71
  1.08684 0.0282473      0.71
0.697309 -0.20181     0.71
  0.59502 -0.414351      0.71
 0.974659 0.0220338      0.71
 0.551439 -0.470325      0.71
0.704952 0.228794     0.71
0.837124 -0.49853     0.71
 0.632932 -0.415217      0.71
0.879294 0.100731     0.71
  0.896472 -0.0886564       0.71
0.774144 0.233713     0.71
 1.04018 0.555402     0.71
  0.5723 0.313399     0.71
 0.753559 -0.402477      0.71
 1.19929 0.485949     0.71
 1.06518 0.465745     0.71
0.532553 0.251907     0.71
 1.18536 0.145314     0.71
  0.964989 -0.0156637       0.71
  0.64456 -0.596005      0.71
 0.845121 -0.114596      0.71
  0.428001 -0.0169935       0.71
  1.00566 -0.196806      0.71
 0.93475 0.433726     0.71
 0.819245 -0.405228      0.71
0.924593 0.420115     0.71
 0.693878 -0.129611      0.71
0.848179  -0.3651     0.71
 0.535506 -0.145346      0.71
0.795402 0.232079     0.71
   1.00154 -0.0946339       0.71
   0.8353 -0.574104      0.71
 1.13859 0.406553     0.71
  0.464201 0.00242685       0.71
 0.938133 -0.420382      0.71
0.825797 0.357888     0.71
  0.914794 -0.0387441       0.71
   0.6105 -0.116531      0.71
  0.475201 -0.0363632       0.71
0.723388 0.346355     0.71
0.475419 0.426168     0.71
   0.61511 -0.0049443       0.71
 0.807721 -0.525005      0.71
  1.1226 0.405269     0.71
  0.93224 -0.433148      0.71
  1.17359 -0.285268      0.71
  0.84901 -0.480537      0.71
0.616448 0.345761     0.71
  0.57467 -0.585727      0.71
 0.911092 -0.301289      0.71
0.626745 0.488168     0.71
  1.02478 -0.048864      0.71
 0.899215 -0.415903      0.71
 0.79883 -0.28884     0.71
  1.11042 -0.220338      0.71
0.505316 0.112641     0.71
0.450891 0.534318     0.71
 0.992092 -0.424395      0.71
  1.18809 -0.340517      0.71
 0.95964 0.540394     0.71
 0.853005 -0.522812      0.71
0.692752 0.230198     0.71
 0.834818 -0.283017      0.71
  1.03267 0.0588153      0.71
  1.12513 -0.187896      0.71
0.788102   0.5083     0.71
 1.09467 0.158718     0.71
 0.885597 -0.228685      0.71
  1.10649 -0.555822      0.71
 0.699568 -0.587604      0.71
0.950809 0.375911     0.71
  1.16808 -0.222684      0.71
   1.18347 -0.0141275       0.71
  1.08413 -0.165108      0.71
 0.485049 0.0960449      0.71
 0.796791 0.0420537      0.71
 0.769667 -0.252613      0.71
0.804954 0.294547     0.71
 1.13636 0.377366     0.71
 1.14582 0.306471     0.71
0.752388 0.203951     0.71
 0.983743 -0.422999      0.71
0.574146 0.361236     0.71
0.682903 0.572237     0.71
0.674402 0.304621     0.71
   1.19473 -0.0807328       0.71
 0.613044 -0.378831      0.71
 0.981391 -0.051002      0.71
 1.11688 0.311909     0.71
 0.647019 -0.102718      0.71
 0.629927 0.0917328      0.71
0.745596 0.161648     0.71
 0.643185 -0.603117      0.71
0.985265 -0.19363     0.71
  1.09166 -0.300358      0.71
  1.08107 -0.601167      0.71
 0.97663 0.455456     0.71
 0.830688 -0.466172      0.71
0.455356 0.298306     0.71
  0.492761 -0.0119397       0.71
0.637243 0.468283     0.71
  1.08489 -0.592488      0.71
 0.992131 0.0311687      0.71
 0.972839 0.0117896      0.71
0.813643 0.074851     0.71
 1.07852 -0.42334     0.71
 0.554575 -0.408508      0.71
1.06857 0.36033    0.71
0.788414 0.150436     0.71
 0.895534 0.0852185      0.71
0.516939 0.121893     0.71
0.919779 0.131968     0.71
 0.440637 -0.521552      0.71
  1.13592 -0.221984      0.71
0.848659 0.514498     0.71
 0.998547 -0.347113      0.71
 0.974001 -0.360221      0.71
0.695656 0.528391     0.71
 0.804643 -0.117715      0.71
   0.5358 -0.182987      0.71
0.950627  0.48762     0.71
  0.458142 -0.0326006       0.71
  0.66153 -0.534591      0.71
0.531223 0.120385     0.71
 1.17971 0.546846     0.71
  1.12182 -0.536695      0.71
 1.18188 0.309417     0.71
0.632213 0.179249     0.71
 0.811629 -0.564669      0.71
  1.14257 -0.572314      0.71
  1.11095 -0.273447      0.71
0.673865 0.245435     0.71
   0.68942 -0.0699357       0.71
 0.568098 0.0977204      0.71
0.928817 0.488149     0.71
0.849976 0.186865     0.71
 0.501648 -0.209756      0.71
 1.02776 0.168807     0.71
0.839133 0.316053     0.71
   0.62202 0.00706186       0.71
0.865515 0.239826     0.71
  1.04292 -0.462908      0.71
 0.860028 -0.349535      0.71
0.438503 0.544146     0.71
0.802001 0.396306     0.71
 1.12291 0.593357     0.71
0.607031 0.242659     0.71
  1.0664 0.476395     0.71
0.468389 0.477527     0.71
 0.663259 -0.171438      0.71
 0.558328 -0.278069      0.71
0.422286 0.282345     0.71
  1.13369 -0.463245      0.71
 1.12103 0.470462     0.71
0.917483 0.220176     0.71
  1.03075 -0.443428      0.71
0.87393 0.48093    0.71
0.444438 0.266264     0.71
0.425079 0.548317     0.71
0.401252 0.393968     0.71
0.745814 0.489582     0.71
0.683995 0.448237     0.71
 0.845073 -0.137893      0.71
 1.09805 0.394302     0.71
0.961626 0.224382     0.71
 0.664774 0.0169045      0.71
0.539265 -0.45473     0.71
0.812937 0.391169     0.71
 0.770746 -0.470653      0.71
 0.594664 -0.361486      0.71
0.848649  0.56098     0.71
 0.968539 -0.351851      0.71
  0.74166 -0.104242      0.71
 0.789713 -0.345267      0.71
0.996927 0.404251     0.71
0.862381 0.220178     0.71
0.406543 0.359537     0.71
   0.80032 -0.0804613       0.71
  1.03693 -0.472021      0.71
 0.809999 -0.282932      0.71
 0.792104 0.0849504      0.71
0.934933 0.393512     0.71
0.956827 0.506541     0.71
 1.09462 0.556614     0.71
 0.807316 0.0937386      0.71
 0.793353 0.0494685      0.71
 0.684272 -0.361026      0.71
  0.89935 -0.149753      0.71
  1.11198 -0.170832      0.71
0.437792 0.180954     0.71
0.729174 0.563977     0.71
0.631143 0.515057     0.71
0.741926 0.320884     0.71
0.557675 0.416122     0.71
 0.738886 -0.458352      0.71
 1.17111 0.246371     0.71
 0.743899 -0.564378      0.71
  1.0523 0.280619     0.71
 1.08705 0.293608     0.71
  1.09654 -0.320543      0.71
0.654351 0.364405     0.71
 0.831972 -0.276411      0.71
0.460182 0.115236     0.71
 0.405406 -0.186487      0.71
0.697698 0.156641     0.71
0.433408 0.466615     0.71
 0.734132 -0.309104      0.71
0.82995 0.52963    0.71
0.738076 0.149315     0.71
 0.54806 0.457673     0.71
 0.92361 0.560162     0.71
 0.498684 -0.329219      0.71
0.438296   0.4176     0.71
1.04197  -0.225    0.71
0.770185 0.572971     0.71
 0.604127 -0.102891      0.71
0.986127   0.2018     0.71
 1.04635 -0.17714     0.71
 0.849423 -0.104267      0.71
 0.795812 -0.406929      0.71
0.547798 0.152979     0.71
 0.684176 -0.553742      0.71
 0.879031 0.0926107      0.71
 0.858441 0.0492847      0.71
 1.05371 -0.20341     0.71
  1.17563 -0.336869      0.71
 0.453671 -0.201873      0.71
 0.41657 0.469977     0.71
0.463776  0.53071     0.71
  0.86328 -0.478318      0.71
 1.16527 0.468594     0.71
 0.840318 -0.372278      0.71
 0.876612 0.0829348      0.71
0.940787 0.565648     0.71
 0.713254 -0.422596      0.71
 0.869672 0.0878897      0.71
0.964845 0.097738     0.71
 0.922716 -0.255301      0.71
 1.19174 0.388124     0.71
 0.860735 -0.418771      0.71
 0.92138 0.388205     0.71
0.482341 0.322924     0.71
  1.17666 -0.290541      0.71
 0.495396 -0.334237      0.71
  1.15518 -0.111701      0.71
0.580679 0.128998     0.71
 1.05843 0.282041     0.71
0.469673 0.409253     0.71
  1.16902 -0.224876      0.71
0.491249 0.242149     0.71
  0.428585 -0.0994127       0.71
0.627029 0.483687     0.71
 0.444572 -0.261163      0.71
 0.98968 0.213964     0.71
 1.15241 0.566877     0.71
0.969983 0.404822     0.71
  0.433497 -0.0599633       0.71
 0.619101 -0.428383      0.71
0.647213 0.228433     0.71
 0.975349 0.0526774      0.71
 0.604677 -0.347344      0.71
  1.06927 -0.449058      0.71
  1.02361 -0.321088      0.71
   1.16775 -0.0225339       0.71
 0.688638 -0.149567      0.71
 0.768989 -0.560263      0.71
0.980819 0.315831     0.71
0.767752 0.147296     0.71
  1.18237 -0.271872      0.71
 1.00866 0.198889     0.71
   0.884 0.350012     0.71
  1.09666 -0.599132      0.71
 0.643314 -0.128365      0.71
0.598168  0.30948     0.71
0.481867 0.317887     0.71
0.895369 0.210293     0.71
 0.58299 0.452326     0.71
0.574876 0.427201     0.71
 0.800206 -0.573185      0.71
  0.655425 -0.0282813       0.71
0.542157  0.54346     0.71
 0.578175 -0.449654      0.71
  0.767623 -0.0589816       0.71
 0.923768 -0.280948      0.71
 0.980402 -0.239163      0.71
0.836618 0.225199     0.71
0.580619 0.377626     0.71
  1.04412 0.0398985      0.71
  1.06299 -0.106417      0.71
 0.701202 -0.386478      0.71
 0.446544 -0.572987      0.71
 0.432224 0.0843211      0.71
0.837709 0.435804     0.71
  0.40809 0.0464505      0.71
0.864018 0.586996     0.71
 0.558593 -0.544689      0.71
 0.819544 -0.127528      0.71
0.993996 0.523087     0.71
0.743341 0.195109     0.71
0.501115 0.198868     0.71
  0.441135 -0.0695392       0.71
  1.07104 -0.445553      0.71
 0.496662 -0.516081      0.71
 0.564287 0.0498711      0.71
 0.761584 -0.501978      0.71
0.934465  0.33809     0.71
  1.15707 -0.386912      0.71
0.563995 -0.43408     0.71
 0.410212 -0.333103      0.71
 0.511353 -0.432554      0.71
 0.71938 0.262616     0.71
  0.539206 -0.0147244       0.71
0.869821 0.443601     0.71
 0.719054 0.0182375      0.71
0.985254 0.206133     0.71
   1.03769 -0.0860851       0.71
0.523791 -0.20905     0.71
0.421163 0.474281     0.71
 0.519522 -0.162389      0.71
  0.51097 -0.278938      0.71
  0.583444 -0.0294133       0.71
0.511095 0.374692     0.71
 0.896548 -0.142001      0.71
  0.591189 -0.0447665       0.71
  0.502704 -0.0911468       0.71
 0.756509 -0.350708      0.71
0.984224 0.596752     0.71
0.452692 0.449239     0.71
 0.708422 0.0856199      0.71
 1.17559 0.504203     0.71
   0.5305 -0.153288      0.71
 0.627529 0.0999822      0.71
  1.09593 -0.114108      0.71
  0.519322 -0.0600548       0.71
 0.548152 -0.049274      0.71
 0.907234 -0.309372      0.71
 0.555103 -0.557228      0.71
0.837079  0.53728     0.71
0.700131 0.575421     0.71
  0.460857 -0.0249421       0.71
  0.8821 0.247779     0.71
0.954728 0.473129     0.71
   0.7057 -0.341658      0.71
 0.947777 -0.579046      0.71
0.537176 0.486744     0.71
 1.10696 0.154857     0.71
0.871763 0.220555     0.71
  1.17722 -0.335414      0.71
 0.508712 0.0759693      0.71
 0.707159 -0.376943      0.71
 1.18567 0.530808     0.71
  1.07448 -0.381932      0.71
0.478067 0.394746     0.71
  1.13058 -0.472433      0.71
0.784703 0.339125     0.71
 1.09801 0.116898     0.71
0.655385 -0.15516     0.71
0.665999 0.522925     0.71
 0.515392 0.0177564      0.71
  1.18096 -0.551625      0.71
   1.03434 -0.0363222       0.71
  0.911992 -0.0178188       0.71
 0.879802 -0.588971      0.71
0.624869 0.135414     0.71
 1.10747 0.407277     0.71
 1.11919 0.375126     0.71
 0.911074 -0.378852      0.71
   1.1522 -0.296786      0.71
0.516895 0.257165     0.71
  1.13382 -0.175943      0.71
0.491475 0.321872     0.71
0.463644 0.344317     0.71
 0.475198 -0.424263      0.71
 0.978129 0.0232142      0.71
0.526113 0.363029     0.71
0.860305 0.176223     0.71
 1.16275 0.475241     0.71
0.907677 0.235459     0.71
  1.16098 -0.161541      0.71
0.489962 0.575785     0.71
  0.575187 -0.0954745       0.71
 1.03059 0.451016     0.71
 0.77113 0.252526     0.71
0.822554   0.4901     0.71
0.889669 0.256751     0.71
0.517322  0.48099     0.71
 0.769951 -0.355886      0.71
 1.09068 0.595317     0.71
0.989194 0.308595     0.71
  0.840064 -0.0270986       0.71
0.485538 0.475464     0.71
 0.888534 -0.454876      0.71
  1.04128 -0.366633      0.71
 0.953156 -0.131578      0.71
  0.53674 -0.376031      0.71
0.504856 0.569726     0.71
0.624928 0.183399     0.71
0.634164 0.203254     0.71
  0.6759 0.286818     0.71
0.557117 -0.37048     0.71
0.544128 0.294465     0.71
0.828245 0.187374     0.71
 0.489299 -0.293108      0.71
 1.15431 -0.18748     0.71
0.750866 0.169862     0.71
 0.730096 0.0170146      0.71
 0.741871 -0.205056      0.71
0.787298 0.253417     0.71
0.454719 0.107671     0.71
 0.858089 -0.104178      0.71
 0.52368 0.433011     0.71
 1.16917 -0.21236     0.71
 0.476951 0.0639743      0.71
 0.544026 -0.283861      0.71
0.452775 0.594667     0.71
0.824268 0.514396     0.71
 1.08344 0.126049     0.71
0.925268 0.359599     0.71
 0.877035 -0.428491      0.71
 0.679201 -0.579682      0.71
 0.598486 -0.300723      0.71
  0.588094 0.00319091       0.71
0.984574 0.185957     0.71
  1.10541 -0.267101      0.71
 0.606729 -0.535684      0.71
  1.00119 -0.269539      0.71
 0.949856 -0.495714      0.71
  0.545774 -0.0576362       0.71
0.739934 0.060538     0.71
0.822093 0.336642     0.71
0.469275  0.53798     0.71
  1.14874 -0.109385      0.71
 1.03029 0.518675     0.71
 0.802629 0.0189743      0.71
