0.465833 0.140933     0.71 0.728411 0.203269     0.71
0.465833   0.1812     0.71 0.728411 0.203269     0.71
0.465833 0.221467     0.71 0.728411 0.203269     0.71
0.465833 0.261733     0.71 0.728411 0.203269     0.71
0.492567 0.140933     0.71 0.728411 0.203269     0.71
0.492567   0.1812     0.71 0.728411 0.203269     0.71
0.492567 0.221467     0.71 0.728411 0.203269     0.71
0.492567 0.261733     0.71 0.728411 0.203269     0.71
  0.5193 0.140933     0.71 0.728411 0.203269     0.71
0.5193 0.1812   0.71 0.728411 0.203269     0.71
  0.5193 0.221467     0.71 0.728411 0.203269     0.71
  0.5193 0.261733     0.71 0.728411 0.203269     0.71
0.546033   0.0604     0.71 0.728411 0.203269     0.71
0.546033 0.100667     0.71 0.728411 0.203269     0.71
0.546033 0.140933     0.71 0.728411 0.203269     0.71
0.546033   0.1812     0.71 0.728411 0.203269     0.71
0.546033 0.221467     0.71 0.728411 0.203269     0.71
0.546033 0.261733     0.71 0.728411 0.203269     0.71
0.546033    0.302     0.71 0.728411 0.203269     0.71
 0.572767 0.0201333      0.71 0.728411 0.203269     0.71
0.572767   0.0604     0.71 0.728411 0.203269     0.71
0.572767 0.100667     0.71 0.728411 0.203269     0.71
0.572767 0.140933     0.71 0.728411 0.203269     0.71
0.572767   0.1812     0.71 0.728411 0.203269     0.71
0.572767 0.221467     0.71 0.728411 0.203269     0.71
0.572767 0.261733     0.71 0.728411 0.203269     0.71
0.572767    0.302     0.71 0.728411 0.203269     0.71
0.572767 0.342267     0.71 0.728411 0.203269     0.71
   0.5995 0.0201333      0.71 0.728411 0.203269     0.71
0.5995 0.0604   0.71 0.728411 0.203269     0.71
  0.5995 0.100667     0.71 0.728411 0.203269     0.71
  0.5995 0.140933     0.71 0.728411 0.203269     0.71
0.5995 0.1812   0.71 0.728411 0.203269     0.71
  0.5995 0.221467     0.71 0.728411 0.203269     0.71
  0.5995 0.261733     0.71 0.728411 0.203269     0.71
0.5995  0.302   0.71 0.728411 0.203269     0.71
  0.5995 0.342267     0.71 0.728411 0.203269     0.71
  0.626233 -0.0201333       0.71 0.728411 0.203269     0.71
 0.626233 0.0201333      0.71 0.728411 0.203269     0.71
0.626233   0.0604     0.71 0.728411 0.203269     0.71
0.626233 0.100667     0.71 0.728411 0.203269     0.71
0.626233 0.140933     0.71 0.728411 0.203269     0.71
0.626233   0.1812     0.71 0.728411 0.203269     0.71
0.626233 0.221467     0.71 0.728411 0.203269     0.71
0.626233 0.261733     0.71 0.728411 0.203269     0.71
0.626233    0.302     0.71 0.728411 0.203269     0.71
0.626233 0.342267     0.71 0.728411 0.203269     0.71
0.626233 0.382533     0.71 0.728411 0.203269     0.71
  0.652967 -0.0201333       0.71 0.728411 0.203269     0.71
 0.652967 0.0201333      0.71 0.728411 0.203269     0.71
0.652967   0.0604     0.71 0.728411 0.203269     0.71
0.652967 0.100667     0.71 0.728411 0.203269     0.71
0.652967 0.140933     0.71 0.728411 0.203269     0.71
0.652967   0.1812     0.71 0.728411 0.203269     0.71
0.652967 0.221467     0.71 0.728411 0.203269     0.71
0.652967 0.261733     0.71 0.728411 0.203269     0.71
0.652967    0.302     0.71 0.728411 0.203269     0.71
0.652967 0.342267     0.71 0.728411 0.203269     0.71
0.652967 0.382533     0.71 0.728411 0.203269     0.71
0.652967   0.4228     0.71 0.728411 0.203269     0.71
 0.6797 -0.0604    0.71 0.728411 0.203269     0.71
    0.6797 -0.0201333       0.71 0.728411 0.203269     0.71
   0.6797 0.0201333      0.71 0.728411 0.203269     0.71
0.6797 0.0604   0.71 0.728411 0.203269     0.71
  0.6797 0.100667     0.71 0.728411 0.203269     0.71
  0.6797 0.140933     0.71 0.728411 0.203269     0.71
0.6797 0.1812   0.71 0.728411 0.203269     0.71
  0.6797 0.221467     0.71 0.728411 0.203269     0.71
  0.6797 0.261733     0.71 0.728411 0.203269     0.71
0.6797  0.302   0.71 0.728411 0.203269     0.71
  0.6797 0.342267     0.71 0.728411 0.203269     0.71
  0.6797 0.382533     0.71 0.728411 0.203269     0.71
0.6797 0.4228   0.71 0.728411 0.203269     0.71
  0.6797 0.463067     0.71 0.728411 0.203269     0.71
  0.6797 0.503333     0.71 0.728411 0.203269     0.71
  0.706433 -0.0201333       0.71 0.728411 0.203269     0.71
 0.706433 0.0201333      0.71 0.728411 0.203269     0.71
0.706433   0.0604     0.71 0.728411 0.203269     0.71
0.706433 0.100667     0.71 0.728411 0.203269     0.71
0.706433 0.140933     0.71 0.728411 0.203269     0.71
0.706433   0.1812     0.71 0.728411 0.203269     0.71
0.706433 0.221467     0.71 0.728411 0.203269     0.71
0.706433 0.261733     0.71 0.728411 0.203269     0.71
0.706433    0.302     0.71 0.728411 0.203269     0.71
0.706433 0.342267     0.71 0.728411 0.203269     0.71
0.706433 0.382533     0.71 0.728411 0.203269     0.71
0.706433   0.4228     0.71 0.728411 0.203269     0.71
0.706433 0.463067     0.71 0.728411 0.203269     0.71
0.706433 0.503333     0.71 0.728411 0.203269     0.71
0.706433   0.5436     0.71 0.728411 0.203269     0.71
0.706433 0.583867     0.71 0.728411 0.203269     0.71
 0.733167 -0.100667      0.71 0.728411 0.203269     0.71
0.733167  -0.0604     0.71 0.728411 0.203269     0.71
  0.733167 -0.0201333       0.71 0.728411 0.203269     0.71
 0.733167 0.0201333      0.71 0.728411 0.203269     0.71
0.733167   0.0604     0.71 0.728411 0.203269     0.71
0.733167 0.100667     0.71 0.728411 0.203269     0.71
0.733167 0.140933     0.71 0.728411 0.203269     0.71
0.733167   0.1812     0.71 0.728411 0.203269     0.71
0.733167 0.221467     0.71 0.728411 0.203269     0.71
0.733167 0.261733     0.71 0.728411 0.203269     0.71
0.733167    0.302     0.71 0.728411 0.203269     0.71
0.733167 0.342267     0.71 0.728411 0.203269     0.71
0.733167 0.382533     0.71 0.728411 0.203269     0.71
0.733167   0.4228     0.71 0.728411 0.203269     0.71
0.733167 0.463067     0.71 0.728411 0.203269     0.71
0.733167 0.503333     0.71 0.728411 0.203269     0.71
0.733167   0.5436     0.71 0.728411 0.203269     0.71
0.733167 0.583867     0.71 0.728411 0.203269     0.71
   0.7599 -0.140933      0.71 0.728411 0.203269     0.71
   0.7599 -0.100667      0.71 0.728411 0.203269     0.71
 0.7599 -0.0604    0.71 0.728411 0.203269     0.71
    0.7599 -0.0201333       0.71 0.728411 0.203269     0.71
   0.7599 0.0201333      0.71 0.728411 0.203269     0.71
0.7599 0.0604   0.71 0.728411 0.203269     0.71
  0.7599 0.100667     0.71 0.728411 0.203269     0.71
  0.7599 0.140933     0.71 0.728411 0.203269     0.71
0.7599 0.1812   0.71 0.728411 0.203269     0.71
  0.7599 0.221467     0.71 0.728411 0.203269     0.71
  0.7599 0.261733     0.71 0.728411 0.203269     0.71
0.7599  0.302   0.71 0.728411 0.203269     0.71
  0.7599 0.342267     0.71 0.728411 0.203269     0.71
  0.7599 0.382533     0.71 0.728411 0.203269     0.71
0.7599 0.4228   0.71 0.728411 0.203269     0.71
  0.7599 0.463067     0.71 0.728411 0.203269     0.71
  0.7599 0.503333     0.71 0.728411 0.203269     0.71
0.7599 0.5436   0.71 0.728411 0.203269     0.71
  0.7599 0.583867     0.71 0.728411 0.203269     0.71
 0.786633 -0.100667      0.71 0.728411 0.203269     0.71
0.786633  -0.0604     0.71 0.728411 0.203269     0.71
  0.786633 -0.0201333       0.71 0.728411 0.203269     0.71
 0.786633 0.0201333      0.71 0.728411 0.203269     0.71
0.786633   0.0604     0.71 0.728411 0.203269     0.71
0.786633 0.100667     0.71 0.728411 0.203269     0.71
0.786633 0.140933     0.71 0.728411 0.203269     0.71
0.786633   0.1812     0.71 0.728411 0.203269     0.71
0.786633 0.221467     0.71 0.728411 0.203269     0.71
0.786633 0.261733     0.71 0.728411 0.203269     0.71
0.786633    0.302     0.71 0.728411 0.203269     0.71
0.786633 0.342267     0.71 0.728411 0.203269     0.71
0.786633 0.382533     0.71 0.728411 0.203269     0.71
0.786633   0.4228     0.71 0.728411 0.203269     0.71
0.786633 0.463067     0.71 0.728411 0.203269     0.71
0.786633 0.503333     0.71 0.728411 0.203269     0.71
0.786633   0.5436     0.71 0.728411 0.203269     0.71
0.786633 0.583867     0.71 0.728411 0.203269     0.71
 0.813367 -0.100667      0.71 0.728411 0.203269     0.71
0.813367  -0.0604     0.71 0.728411 0.203269     0.71
  0.813367 -0.0201333       0.71 0.728411 0.203269     0.71
 0.813367 0.0201333      0.71 0.728411 0.203269     0.71
0.813367   0.0604     0.71 0.728411 0.203269     0.71
0.813367 0.100667     0.71 0.728411 0.203269     0.71
0.813367 0.140933     0.71 0.728411 0.203269     0.71
0.813367   0.1812     0.71 0.728411 0.203269     0.71
0.813367 0.221467     0.71 0.728411 0.203269     0.71
0.813367 0.261733     0.71 0.728411 0.203269     0.71
0.813367    0.302     0.71 0.728411 0.203269     0.71
0.813367 0.342267     0.71 0.728411 0.203269     0.71
0.813367 0.382533     0.71 0.728411 0.203269     0.71
0.813367   0.4228     0.71 0.728411 0.203269     0.71
0.813367 0.463067     0.71 0.728411 0.203269     0.71
0.813367 0.503333     0.71 0.728411 0.203269     0.71
   0.8401 -0.140933      0.71 0.728411 0.203269     0.71
   0.8401 -0.100667      0.71 0.728411 0.203269     0.71
 0.8401 -0.0604    0.71 0.728411 0.203269     0.71
    0.8401 -0.0201333       0.71 0.728411 0.203269     0.71
   0.8401 0.0201333      0.71 0.728411 0.203269     0.71
0.8401 0.0604   0.71 0.728411 0.203269     0.71
  0.8401 0.100667     0.71 0.728411 0.203269     0.71
  0.8401 0.140933     0.71 0.728411 0.203269     0.71
0.8401 0.1812   0.71 0.728411 0.203269     0.71
  0.8401 0.221467     0.71 0.728411 0.203269     0.71
  0.8401 0.261733     0.71 0.728411 0.203269     0.71
0.8401  0.302   0.71 0.728411 0.203269     0.71
  0.8401 0.342267     0.71 0.728411 0.203269     0.71
  0.8401 0.382533     0.71 0.728411 0.203269     0.71
0.8401 0.4228   0.71 0.728411 0.203269     0.71
 0.866833 -0.140933      0.71 0.728411 0.203269     0.71
 0.866833 -0.100667      0.71 0.728411 0.203269     0.71
0.866833  -0.0604     0.71 0.728411 0.203269     0.71
  0.866833 -0.0201333       0.71 0.728411 0.203269     0.71
 0.866833 0.0201333      0.71 0.728411 0.203269     0.71
0.866833   0.0604     0.71 0.728411 0.203269     0.71
0.866833 0.100667     0.71 0.728411 0.203269     0.71
0.866833 0.140933     0.71 0.728411 0.203269     0.71
0.866833   0.1812     0.71 0.728411 0.203269     0.71
0.866833 0.221467     0.71 0.728411 0.203269     0.71
0.866833 0.261733     0.71 0.728411 0.203269     0.71
0.866833    0.302     0.71 0.728411 0.203269     0.71
0.866833 0.342267     0.71 0.728411 0.203269     0.71
0.866833 0.382533     0.71 0.728411 0.203269     0.71
 0.893567 -0.100667      0.71 0.728411 0.203269     0.71
0.893567  -0.0604     0.71 0.728411 0.203269     0.71
 0.893567 0.0201333      0.71 0.728411 0.203269     0.71
0.893567 0.100667     0.71 0.728411 0.203269     0.71
0.893567 0.140933     0.71 0.728411 0.203269     0.71
0.893567   0.1812     0.71 0.728411 0.203269     0.71
0.893567 0.221467     0.71 0.728411 0.203269     0.71
0.893567 0.261733     0.71 0.728411 0.203269     0.71
0.893567    0.302     0.71 0.728411 0.203269     0.71
0.893567 0.342267     0.71 0.728411 0.203269     0.71
0.9203 0.1812   0.71 0.728411 0.203269     0.71
  0.9203 0.221467     0.71 0.728411 0.203269     0.71
  0.9203 0.261733     0.71 0.728411 0.203269     0.71
0.9203  0.302   0.71 0.728411 0.203269     0.71
0.947033 0.221467     0.71 0.728411 0.203269     0.71
0.947033 0.261733     0.71 0.728411 0.203269     0.71
0.947033    0.302     0.71 0.728411 0.203269     0.71
