  0.251676 -0.0833255   0.588346
  0.252482 -0.0634076   0.593533
 0.253302 -0.047017  0.593023
  0.254239 -0.0309499   0.589111
   0.25485 -0.0793712   0.590993
  0.256223 -0.0599674   0.592509
  0.256661 -0.0462416   0.592734
  0.256432 -0.0326975     0.5894
   0.25809 -0.0767854   0.595952
  0.260443 -0.0560669   0.593965
  0.260968 -0.0409177   0.594885
  0.26117 -0.028231  0.593061
 0.261867 -0.100216  0.600653
  0.262415 -0.0933547    0.60007
  0.262268 -0.0725168   0.599012
  0.264044 -0.0515901   0.598045
     0.264 -0.0363825   0.600205
  0.264365 -0.0227201   0.600133
   0.264778 -0.00997677    0.599315
0.265189 -0.10867 0.603101
  0.265971 -0.0861346   0.604293
  0.265997 -0.0819315   0.604813
  0.268254 -0.0669593   0.598906
  0.267952 -0.0483168   0.598703
  0.267547 -0.0334116   0.598199
  0.266672 -0.0220275   0.598031
   0.266997 -0.00879719    0.597898
  0.268279 0.00376973   0.592362
  0.269229 -0.0996597    0.60558
  0.269832 -0.0805599   0.606386
  0.269567 -0.0766724   0.606748
   0.27063 -0.0656716    0.60434
  0.270238 -0.0441868   0.605555
   0.27111 -0.0250565   0.603525
  0.269641 -0.0140288   0.603347
   0.270526 -0.00170218    0.602495
  0.26974 0.0082552  0.600537
 0.270785 -0.113133  0.607523
  0.272277 -0.0922084   0.608781
  0.272988 -0.0749838   0.609058
  0.273517 -0.0657671   0.609372
0.273804 -0.05279 0.608681
  0.273556 -0.0370552   0.608047
  0.273715 -0.0190819   0.606679
   0.272092 -0.00613691     0.60807
  0.272017 0.00548087   0.607724
  0.27219 0.0166887  0.605899
0.272515 0.026976 0.600959
 0.272276 -0.103816  0.611486
  0.273147 -0.0847896   0.613969
  0.273327 -0.0767927   0.614387
  0.274386 -0.0595127    0.61345
  0.274791 -0.0463769   0.611234
  0.274981 -0.0323822    0.61093
  0.274356 -0.0138518   0.611125
  0.273932 0.00228968   0.612513
 0.273684 0.0137116  0.613007
 0.274182 0.0248905  0.608893
 0.274231 0.0333008  0.606071
 0.276135 0.0437275   0.59446
 0.267933 -0.125117   0.61577
  0.270923 -0.0984671   0.617469
  0.271271 -0.0895609   0.618864
  0.273271 -0.0740648   0.617875
  0.275317 -0.0514082   0.615915
  0.276378 -0.0397544    0.61335
  0.277636 -0.0205529   0.610778
   0.276749 -0.00705818    0.612158
  0.276942 0.00993403   0.610388
 0.274448 0.0207906   0.61449
 0.275301 0.0339299  0.612948
 0.276886 0.0418047  0.607546
 0.277556 0.0511591  0.600617
0.278887 0.061693 0.592091
 0.279997 0.0748874  0.586224
 0.269583 -0.112004  0.618876
  0.272283 -0.0920919   0.619359
  0.274916 -0.0650443   0.619227
  0.275996 -0.0412386   0.617216
 0.276803 -0.035577  0.614256
   0.27785 -0.0128489   0.611999
  0.278686 0.00334494   0.609449
 0.278246 0.0187324  0.610328
 0.278211 0.0306779  0.610395
 0.277702 0.0396249  0.609691
 0.276916 0.0501128  0.610057
 0.278512 0.0594585  0.605245
 0.280526 0.0697028  0.594529
 0.282215 0.0810144  0.587906
0.284018 0.092689 0.581916
0.284498 0.106806 0.578794
 0.267102 -0.139975  0.617719
 0.268655 -0.133597  0.617735
 0.271263 -0.114802  0.618766
  0.273699 -0.0884278   0.620088
  0.274589 -0.0594996   0.620518
  0.276569 -0.0371375   0.615692
  0.277936 -0.0293977   0.612752
   0.279024 -0.00934303     0.61028
 0.279839 0.0102866  0.607858
 0.281002 0.0236602  0.607993
0.280334 0.041916 0.607859
 0.278755 0.0488495  0.609413
 0.279677 0.0588786  0.606923
 0.279676 0.0672705  0.603005
 0.281893 0.0774901  0.597526
0.284075 0.088606 0.590258
0.285398 0.100378 0.584199
0.284954 0.114848 0.581092
0.266313 -0.14747 0.616028
  0.26626 -0.133029  0.620237
 0.269779 -0.126048  0.619186
 0.271603 -0.110526  0.619044
  0.272687 -0.0858552   0.621052
  0.274097 -0.0584796   0.620124
 0.277103 -0.034878  0.614922
  0.279154 -0.0193619   0.612023
   0.279783 -0.00374828    0.609566
 0.280517 0.0164364  0.608002
 0.281416 0.0324811  0.606853
0.281262 0.047435 0.607622
0.281138  0.05622 0.606754
 0.280713 0.0674678  0.604155
 0.281779 0.0765109  0.601606
 0.282878 0.0867647  0.598051
0.284892 0.096742 0.591342
0.285993 0.108697 0.585462
0.286359 0.122459 0.580082
 0.267086 -0.128328  0.621533
 0.269826 -0.117313   0.61972
 0.271225 -0.102105  0.621013
  0.271889 -0.0798595   0.621858
  0.273922 -0.0569057   0.619448
  0.275668 -0.0311942   0.618108
  0.278234 -0.0174586   0.613241
   0.278736 -0.00370659    0.611058
 0.279822 0.0160317  0.607924
0.279928 0.038417  0.60731
 0.281621 0.0515684  0.606229
 0.281643 0.0658592  0.604144
 0.282106 0.0758507  0.602054
 0.283605 0.0858909  0.598897
 0.284758 0.0947701  0.596296
0.286109 0.105005 0.590311
0.287249 0.116311 0.584577
0.288464  0.12782 0.577195
 0.267337 -0.130688  0.619721
 0.268789 -0.111729  0.619399
   0.27024 -0.0945771   0.621181
  0.271009 -0.0697985   0.622647
    0.273 -0.049242  0.621142
  0.274879 -0.0272705   0.618149
   0.277097 -0.00976866    0.613939
    0.27881 -0.00292903    0.611547
 0.279791 0.0161081   0.60807
  0.28056 0.0387137  0.605752
 0.282154 0.0560145  0.603389
 0.283326 0.0695023  0.603075
 0.284137 0.0823148   0.59936
 0.284678 0.0950714  0.595409
0.286493 0.103955 0.591645
  0.2872 0.114449 0.588886
 0.265613 -0.154196  0.612754
 0.266652 -0.127622   0.61819
 0.267829 -0.101471  0.620077
 0.268271 -0.083971  0.621505
   0.26918 -0.0612005   0.621873
  0.270902 -0.0424057   0.621379
  0.273397 -0.0229959   0.617703
   0.275961 -0.00259399    0.613942
   0.27921 0.00676384   0.610574
  0.28011 0.0214572  0.607244
 0.280901 0.0445836  0.604677
0.281818 0.064463 0.601361
 0.283177 0.0761015  0.600173
 0.284691 0.0871883  0.597395
0.286569 0.101837 0.592289
 0.265701 -0.151236  0.612109
 0.267113 -0.120598  0.616886
 0.268283 -0.095387  0.618803
  0.268528 -0.0731148   0.620301
  0.269314 -0.0526346   0.620429
  0.269907 -0.0360484   0.620809
 0.272205 -0.017137  0.617768
  0.274086 0.00288593   0.614977
 0.279674 0.0105093  0.608685
 0.280142 0.0238919  0.606057
 0.280459 0.0438901  0.603375
 0.281442 0.0657359  0.599437
 0.283179 0.0848521  0.595325
 0.284223 0.0922837  0.594231
 0.267493 -0.118663  0.614963
  0.268271 -0.0899707    0.61717
   0.26891 -0.0443271     0.6186
   0.271342 -0.00954317    0.615798
 0.272585 0.0104646  0.613386
0.279236 0.016363 0.607306
 0.280284 0.0278256  0.603882
 0.280562 0.0458409  0.600881
 0.281578 0.0663033  0.596556
 0.282587 0.0865955  0.592036
 0.275116 0.0325145  0.605594
 0.280404 0.0375666  0.601177
0.280831 0.054415 0.597769
 0.281863 0.0735937  0.593299
 0.279939 0.0508228  0.597811
 0.280684 0.0641922  0.593907
 0.281573 0.0818353  0.589321
