 0.412367 -0.583867      0.71
0.412367  -0.5436     0.71
 0.412367 -0.503333      0.71
 0.412367 -0.463067      0.71
0.412367  -0.4228     0.71
 0.412367 -0.382533      0.71
 0.412367 -0.342267      0.71
0.412367   -0.302     0.71
 0.412367 -0.261733      0.71
 0.412367 -0.221467      0.71
0.412367  -0.1812     0.71
 0.412367 -0.140933      0.71
 0.412367 -0.100667      0.71
0.412367  -0.0604     0.71
  0.412367 -0.0201333       0.71
 0.412367 0.0201333      0.71
0.412367   0.0604     0.71
0.412367 0.100667     0.71
0.412367 0.140933     0.71
0.412367   0.1812     0.71
0.412367 0.221467     0.71
0.412367 0.261733     0.71
0.412367    0.302     0.71
0.412367 0.342267     0.71
0.412367 0.382533     0.71
0.412367   0.4228     0.71
0.412367 0.463067     0.71
0.412367 0.503333     0.71
0.412367   0.5436     0.71
0.412367 0.583867     0.71
   0.4391 -0.583867      0.71
 0.4391 -0.5436    0.71
   0.4391 -0.503333      0.71
   0.4391 -0.463067      0.71
 0.4391 -0.4228    0.71
   0.4391 -0.382533      0.71
   0.4391 -0.342267      0.71
0.4391 -0.302   0.71
   0.4391 -0.261733      0.71
   0.4391 -0.221467      0.71
 0.4391 -0.1812    0.71
   0.4391 -0.140933      0.71
   0.4391 -0.100667      0.71
 0.4391 -0.0604    0.71
    0.4391 -0.0201333       0.71
   0.4391 0.0201333      0.71
0.4391 0.0604   0.71
  0.4391 0.100667     0.71
  0.4391 0.140933     0.71
0.4391 0.1812   0.71
  0.4391 0.221467     0.71
  0.4391 0.261733     0.71
0.4391  0.302   0.71
  0.4391 0.342267     0.71
  0.4391 0.382533     0.71
0.4391 0.4228   0.71
  0.4391 0.463067     0.71
  0.4391 0.503333     0.71
0.4391 0.5436   0.71
  0.4391 0.583867     0.71
 0.465833 -0.583867      0.71
0.465833  -0.5436     0.71
 0.465833 -0.503333      0.71
 0.465833 -0.463067      0.71
0.465833  -0.4228     0.71
 0.465833 -0.382533      0.71
 0.465833 -0.342267      0.71
0.465833   -0.302     0.71
 0.465833 -0.261733      0.71
 0.465833 -0.221467      0.71
0.465833  -0.1812     0.71
 0.465833 -0.140933      0.71
 0.465833 -0.100667      0.71
0.465833  -0.0604     0.71
  0.465833 -0.0201333       0.71
 0.465833 0.0201333      0.71
0.465833   0.0604     0.71
0.465833 0.100667     0.71
0.465833 0.140933     0.71
0.465833   0.1812     0.71
0.465833 0.221467     0.71
0.465833 0.261733     0.71
0.465833    0.302     0.71
0.465833 0.342267     0.71
0.465833 0.382533     0.71
0.465833   0.4228     0.71
0.465833 0.463067     0.71
0.465833 0.503333     0.71
0.465833   0.5436     0.71
0.465833 0.583867     0.71
 0.492567 -0.583867      0.71
0.492567  -0.5436     0.71
 0.492567 -0.503333      0.71
 0.492567 -0.463067      0.71
0.492567  -0.4228     0.71
 0.492567 -0.382533      0.71
 0.492567 -0.342267      0.71
0.492567   -0.302     0.71
 0.492567 -0.261733      0.71
 0.492567 -0.221467      0.71
0.492567  -0.1812     0.71
 0.492567 -0.140933      0.71
 0.492567 -0.100667      0.71
0.492567  -0.0604     0.71
  0.492567 -0.0201333       0.71
 0.492567 0.0201333      0.71
0.492567   0.0604     0.71
0.492567 0.100667     0.71
0.492567 0.140933     0.71
0.492567   0.1812     0.71
0.492567 0.221467     0.71
0.492567 0.261733     0.71
0.492567    0.302     0.71
0.492567 0.342267     0.71
0.492567 0.382533     0.71
0.492567   0.4228     0.71
0.492567 0.463067     0.71
0.492567 0.503333     0.71
0.492567   0.5436     0.71
0.492567 0.583867     0.71
   0.5193 -0.583867      0.71
 0.5193 -0.5436    0.71
   0.5193 -0.503333      0.71
   0.5193 -0.463067      0.71
 0.5193 -0.4228    0.71
   0.5193 -0.382533      0.71
   0.5193 -0.342267      0.71
0.5193 -0.302   0.71
   0.5193 -0.261733      0.71
   0.5193 -0.221467      0.71
 0.5193 -0.1812    0.71
   0.5193 -0.140933      0.71
   0.5193 -0.100667      0.71
 0.5193 -0.0604    0.71
    0.5193 -0.0201333       0.71
   0.5193 0.0201333      0.71
0.5193 0.0604   0.71
  0.5193 0.100667     0.71
  0.5193 0.140933     0.71
0.5193 0.1812   0.71
  0.5193 0.221467     0.71
  0.5193 0.261733     0.71
0.5193  0.302   0.71
  0.5193 0.342267     0.71
  0.5193 0.382533     0.71
0.5193 0.4228   0.71
  0.5193 0.463067     0.71
  0.5193 0.503333     0.71
0.5193 0.5436   0.71
  0.5193 0.583867     0.71
 0.546033 -0.583867      0.71
0.546033  -0.5436     0.71
 0.546033 -0.503333      0.71
 0.546033 -0.463067      0.71
0.546033  -0.4228     0.71
 0.546033 -0.382533      0.71
 0.546033 -0.342267      0.71
0.546033   -0.302     0.71
 0.546033 -0.261733      0.71
 0.546033 -0.221467      0.71
0.546033  -0.1812     0.71
 0.546033 -0.140933      0.71
 0.546033 -0.100667      0.71
0.546033  -0.0604     0.71
  0.546033 -0.0201333       0.71
 0.546033 0.0201333      0.71
0.546033   0.0604     0.71
0.546033 0.100667     0.71
0.546033 0.140933     0.71
0.546033   0.1812     0.71
0.546033 0.221467     0.71
0.546033 0.261733     0.71
0.546033    0.302     0.71
0.546033 0.342267     0.71
0.546033 0.382533     0.71
0.546033   0.4228     0.71
0.546033 0.463067     0.71
0.546033 0.503333     0.71
0.546033   0.5436     0.71
0.546033 0.583867     0.71
 0.572767 -0.583867      0.71
0.572767  -0.5436     0.71
 0.572767 -0.503333      0.71
 0.572767 -0.463067      0.71
0.572767  -0.4228     0.71
 0.572767 -0.382533      0.71
 0.572767 -0.342267      0.71
0.572767   -0.302     0.71
 0.572767 -0.261733      0.71
 0.572767 -0.221467      0.71
0.572767  -0.1812     0.71
 0.572767 -0.140933      0.71
 0.572767 -0.100667      0.71
0.572767  -0.0604     0.71
  0.572767 -0.0201333       0.71
 0.572767 0.0201333      0.71
0.572767   0.0604     0.71
0.572767 0.100667     0.71
0.572767 0.140933     0.71
0.572767   0.1812     0.71
0.572767 0.221467     0.71
0.572767 0.261733     0.71
0.572767    0.302     0.71
0.572767 0.342267     0.71
0.572767 0.382533     0.71
0.572767   0.4228     0.71
0.572767 0.463067     0.71
0.572767 0.503333     0.71
0.572767   0.5436     0.71
0.572767 0.583867     0.71
   0.5995 -0.583867      0.71
 0.5995 -0.5436    0.71
   0.5995 -0.503333      0.71
   0.5995 -0.463067      0.71
 0.5995 -0.4228    0.71
   0.5995 -0.382533      0.71
   0.5995 -0.342267      0.71
0.5995 -0.302   0.71
   0.5995 -0.261733      0.71
   0.5995 -0.221467      0.71
 0.5995 -0.1812    0.71
   0.5995 -0.140933      0.71
   0.5995 -0.100667      0.71
 0.5995 -0.0604    0.71
    0.5995 -0.0201333       0.71
   0.5995 0.0201333      0.71
0.5995 0.0604   0.71
  0.5995 0.100667     0.71
  0.5995 0.140933     0.71
0.5995 0.1812   0.71
  0.5995 0.221467     0.71
  0.5995 0.261733     0.71
0.5995  0.302   0.71
  0.5995 0.342267     0.71
  0.5995 0.382533     0.71
0.5995 0.4228   0.71
  0.5995 0.463067     0.71
  0.5995 0.503333     0.71
0.5995 0.5436   0.71
  0.5995 0.583867     0.71
 0.626233 -0.583867      0.71
0.626233  -0.5436     0.71
 0.626233 -0.503333      0.71
 0.626233 -0.463067      0.71
0.626233  -0.4228     0.71
 0.626233 -0.382533      0.71
 0.626233 -0.342267      0.71
0.626233   -0.302     0.71
 0.626233 -0.261733      0.71
 0.626233 -0.221467      0.71
0.626233  -0.1812     0.71
 0.626233 -0.140933      0.71
 0.626233 -0.100667      0.71
0.626233  -0.0604     0.71
  0.626233 -0.0201333       0.71
 0.626233 0.0201333      0.71
0.626233   0.0604     0.71
0.626233 0.100667     0.71
0.626233 0.140933     0.71
0.626233   0.1812     0.71
0.626233 0.221467     0.71
0.626233 0.261733     0.71
0.626233    0.302     0.71
0.626233 0.342267     0.71
0.626233 0.382533     0.71
0.626233   0.4228     0.71
0.626233 0.463067     0.71
0.626233 0.503333     0.71
0.626233   0.5436     0.71
0.626233 0.583867     0.71
 0.652967 -0.583867      0.71
0.652967  -0.5436     0.71
 0.652967 -0.503333      0.71
 0.652967 -0.463067      0.71
0.652967  -0.4228     0.71
 0.652967 -0.382533      0.71
 0.652967 -0.342267      0.71
0.652967   -0.302     0.71
 0.652967 -0.261733      0.71
 0.652967 -0.221467      0.71
0.652967  -0.1812     0.71
 0.652967 -0.140933      0.71
 0.652967 -0.100667      0.71
0.652967  -0.0604     0.71
  0.652967 -0.0201333       0.71
 0.652967 0.0201333      0.71
0.652967   0.0604     0.71
0.652967 0.100667     0.71
0.652967 0.140933     0.71
0.652967   0.1812     0.71
0.652967 0.221467     0.71
0.652967 0.261733     0.71
0.652967    0.302     0.71
0.652967 0.342267     0.71
0.652967 0.382533     0.71
0.652967   0.4228     0.71
0.652967 0.463067     0.71
0.652967 0.503333     0.71
0.652967   0.5436     0.71
0.652967 0.583867     0.71
   0.6797 -0.583867      0.71
 0.6797 -0.5436    0.71
   0.6797 -0.503333      0.71
   0.6797 -0.463067      0.71
 0.6797 -0.4228    0.71
   0.6797 -0.382533      0.71
   0.6797 -0.342267      0.71
0.6797 -0.302   0.71
   0.6797 -0.261733      0.71
   0.6797 -0.221467      0.71
 0.6797 -0.1812    0.71
   0.6797 -0.140933      0.71
   0.6797 -0.100667      0.71
 0.6797 -0.0604    0.71
    0.6797 -0.0201333       0.71
   0.6797 0.0201333      0.71
0.6797 0.0604   0.71
  0.6797 0.100667     0.71
  0.6797 0.140933     0.71
0.6797 0.1812   0.71
  0.6797 0.221467     0.71
  0.6797 0.261733     0.71
0.6797  0.302   0.71
  0.6797 0.342267     0.71
  0.6797 0.382533     0.71
0.6797 0.4228   0.71
  0.6797 0.463067     0.71
  0.6797 0.503333     0.71
0.6797 0.5436   0.71
  0.6797 0.583867     0.71
 0.706433 -0.583867      0.71
0.706433  -0.5436     0.71
 0.706433 -0.503333      0.71
 0.706433 -0.463067      0.71
0.706433  -0.4228     0.71
 0.706433 -0.382533      0.71
 0.706433 -0.342267      0.71
0.706433   -0.302     0.71
 0.706433 -0.261733      0.71
 0.706433 -0.221467      0.71
0.706433  -0.1812     0.71
 0.706433 -0.140933      0.71
 0.706433 -0.100667      0.71
0.706433  -0.0604     0.71
  0.706433 -0.0201333       0.71
 0.706433 0.0201333      0.71
0.706433   0.0604     0.71
0.706433 0.100667     0.71
0.706433 0.140933     0.71
0.706433   0.1812     0.71
0.706433 0.221467     0.71
0.706433 0.261733     0.71
0.706433    0.302     0.71
0.706433 0.342267     0.71
0.706433 0.382533     0.71
0.706433   0.4228     0.71
0.706433 0.463067     0.71
0.706433 0.503333     0.71
0.706433   0.5436     0.71
0.706433 0.583867     0.71
 0.733167 -0.583867      0.71
0.733167  -0.5436     0.71
 0.733167 -0.503333      0.71
 0.733167 -0.463067      0.71
0.733167  -0.4228     0.71
 0.733167 -0.382533      0.71
 0.733167 -0.342267      0.71
0.733167   -0.302     0.71
 0.733167 -0.261733      0.71
 0.733167 -0.221467      0.71
0.733167  -0.1812     0.71
 0.733167 -0.140933      0.71
 0.733167 -0.100667      0.71
0.733167  -0.0604     0.71
  0.733167 -0.0201333       0.71
 0.733167 0.0201333      0.71
0.733167   0.0604     0.71
0.733167 0.100667     0.71
0.733167 0.140933     0.71
0.733167   0.1812     0.71
0.733167 0.221467     0.71
0.733167 0.261733     0.71
0.733167    0.302     0.71
0.733167 0.342267     0.71
0.733167 0.382533     0.71
0.733167   0.4228     0.71
0.733167 0.463067     0.71
0.733167 0.503333     0.71
0.733167   0.5436     0.71
0.733167 0.583867     0.71
   0.7599 -0.583867      0.71
 0.7599 -0.5436    0.71
   0.7599 -0.503333      0.71
   0.7599 -0.463067      0.71
 0.7599 -0.4228    0.71
   0.7599 -0.382533      0.71
   0.7599 -0.342267      0.71
0.7599 -0.302   0.71
   0.7599 -0.261733      0.71
   0.7599 -0.221467      0.71
 0.7599 -0.1812    0.71
   0.7599 -0.140933      0.71
   0.7599 -0.100667      0.71
 0.7599 -0.0604    0.71
    0.7599 -0.0201333       0.71
   0.7599 0.0201333      0.71
0.7599 0.0604   0.71
  0.7599 0.100667     0.71
  0.7599 0.140933     0.71
0.7599 0.1812   0.71
  0.7599 0.221467     0.71
  0.7599 0.261733     0.71
0.7599  0.302   0.71
  0.7599 0.342267     0.71
  0.7599 0.382533     0.71
0.7599 0.4228   0.71
  0.7599 0.463067     0.71
  0.7599 0.503333     0.71
0.7599 0.5436   0.71
  0.7599 0.583867     0.71
 0.786633 -0.583867      0.71
0.786633  -0.5436     0.71
 0.786633 -0.503333      0.71
 0.786633 -0.463067      0.71
0.786633  -0.4228     0.71
 0.786633 -0.382533      0.71
 0.786633 -0.342267      0.71
0.786633   -0.302     0.71
 0.786633 -0.261733      0.71
 0.786633 -0.221467      0.71
0.786633  -0.1812     0.71
 0.786633 -0.140933      0.71
 0.786633 -0.100667      0.71
0.786633  -0.0604     0.71
  0.786633 -0.0201333       0.71
 0.786633 0.0201333      0.71
0.786633   0.0604     0.71
0.786633 0.100667     0.71
0.786633 0.140933     0.71
0.786633   0.1812     0.71
0.786633 0.221467     0.71
0.786633 0.261733     0.71
0.786633    0.302     0.71
0.786633 0.342267     0.71
0.786633 0.382533     0.71
0.786633   0.4228     0.71
0.786633 0.463067     0.71
0.786633 0.503333     0.71
0.786633   0.5436     0.71
0.786633 0.583867     0.71
 0.813367 -0.583867      0.71
0.813367  -0.5436     0.71
 0.813367 -0.503333      0.71
 0.813367 -0.463067      0.71
0.813367  -0.4228     0.71
 0.813367 -0.382533      0.71
 0.813367 -0.342267      0.71
0.813367   -0.302     0.71
 0.813367 -0.261733      0.71
 0.813367 -0.221467      0.71
0.813367  -0.1812     0.71
 0.813367 -0.140933      0.71
 0.813367 -0.100667      0.71
0.813367  -0.0604     0.71
  0.813367 -0.0201333       0.71
 0.813367 0.0201333      0.71
0.813367   0.0604     0.71
0.813367 0.100667     0.71
0.813367 0.140933     0.71
0.813367   0.1812     0.71
0.813367 0.221467     0.71
0.813367 0.261733     0.71
0.813367    0.302     0.71
0.813367 0.342267     0.71
0.813367 0.382533     0.71
0.813367   0.4228     0.71
0.813367 0.463067     0.71
0.813367 0.503333     0.71
0.813367   0.5436     0.71
0.813367 0.583867     0.71
   0.8401 -0.583867      0.71
 0.8401 -0.5436    0.71
   0.8401 -0.503333      0.71
   0.8401 -0.463067      0.71
 0.8401 -0.4228    0.71
   0.8401 -0.382533      0.71
   0.8401 -0.342267      0.71
0.8401 -0.302   0.71
   0.8401 -0.261733      0.71
   0.8401 -0.221467      0.71
 0.8401 -0.1812    0.71
   0.8401 -0.140933      0.71
   0.8401 -0.100667      0.71
 0.8401 -0.0604    0.71
    0.8401 -0.0201333       0.71
   0.8401 0.0201333      0.71
0.8401 0.0604   0.71
  0.8401 0.100667     0.71
  0.8401 0.140933     0.71
0.8401 0.1812   0.71
  0.8401 0.221467     0.71
  0.8401 0.261733     0.71
0.8401  0.302   0.71
  0.8401 0.342267     0.71
  0.8401 0.382533     0.71
0.8401 0.4228   0.71
  0.8401 0.463067     0.71
  0.8401 0.503333     0.71
0.8401 0.5436   0.71
  0.8401 0.583867     0.71
 0.866833 -0.583867      0.71
0.866833  -0.5436     0.71
 0.866833 -0.503333      0.71
 0.866833 -0.463067      0.71
0.866833  -0.4228     0.71
 0.866833 -0.382533      0.71
 0.866833 -0.342267      0.71
0.866833   -0.302     0.71
 0.866833 -0.261733      0.71
 0.866833 -0.221467      0.71
0.866833  -0.1812     0.71
 0.866833 -0.140933      0.71
 0.866833 -0.100667      0.71
0.866833  -0.0604     0.71
  0.866833 -0.0201333       0.71
 0.866833 0.0201333      0.71
0.866833   0.0604     0.71
0.866833 0.100667     0.71
0.866833 0.140933     0.71
0.866833   0.1812     0.71
0.866833 0.221467     0.71
0.866833 0.261733     0.71
0.866833    0.302     0.71
0.866833 0.342267     0.71
0.866833 0.382533     0.71
0.866833   0.4228     0.71
0.866833 0.463067     0.71
0.866833 0.503333     0.71
0.866833   0.5436     0.71
0.866833 0.583867     0.71
 0.893567 -0.583867      0.71
0.893567  -0.5436     0.71
 0.893567 -0.503333      0.71
 0.893567 -0.463067      0.71
0.893567  -0.4228     0.71
 0.893567 -0.382533      0.71
 0.893567 -0.342267      0.71
0.893567   -0.302     0.71
 0.893567 -0.261733      0.71
 0.893567 -0.221467      0.71
0.893567  -0.1812     0.71
 0.893567 -0.140933      0.71
 0.893567 -0.100667      0.71
0.893567  -0.0604     0.71
  0.893567 -0.0201333       0.71
 0.893567 0.0201333      0.71
0.893567   0.0604     0.71
0.893567 0.100667     0.71
0.893567 0.140933     0.71
0.893567   0.1812     0.71
0.893567 0.221467     0.71
0.893567 0.261733     0.71
0.893567    0.302     0.71
0.893567 0.342267     0.71
0.893567 0.382533     0.71
0.893567   0.4228     0.71
0.893567 0.463067     0.71
0.893567 0.503333     0.71
0.893567   0.5436     0.71
0.893567 0.583867     0.71
   0.9203 -0.583867      0.71
 0.9203 -0.5436    0.71
   0.9203 -0.503333      0.71
   0.9203 -0.463067      0.71
 0.9203 -0.4228    0.71
   0.9203 -0.382533      0.71
   0.9203 -0.342267      0.71
0.9203 -0.302   0.71
   0.9203 -0.261733      0.71
   0.9203 -0.221467      0.71
 0.9203 -0.1812    0.71
   0.9203 -0.140933      0.71
   0.9203 -0.100667      0.71
 0.9203 -0.0604    0.71
    0.9203 -0.0201333       0.71
   0.9203 0.0201333      0.71
0.9203 0.0604   0.71
  0.9203 0.100667     0.71
  0.9203 0.140933     0.71
0.9203 0.1812   0.71
  0.9203 0.221467     0.71
  0.9203 0.261733     0.71
0.9203  0.302   0.71
  0.9203 0.342267     0.71
  0.9203 0.382533     0.71
0.9203 0.4228   0.71
  0.9203 0.463067     0.71
  0.9203 0.503333     0.71
0.9203 0.5436   0.71
  0.9203 0.583867     0.71
 0.947033 -0.583867      0.71
0.947033  -0.5436     0.71
 0.947033 -0.503333      0.71
 0.947033 -0.463067      0.71
0.947033  -0.4228     0.71
 0.947033 -0.382533      0.71
 0.947033 -0.342267      0.71
0.947033   -0.302     0.71
 0.947033 -0.261733      0.71
 0.947033 -0.221467      0.71
0.947033  -0.1812     0.71
 0.947033 -0.140933      0.71
 0.947033 -0.100667      0.71
0.947033  -0.0604     0.71
  0.947033 -0.0201333       0.71
 0.947033 0.0201333      0.71
0.947033   0.0604     0.71
0.947033 0.100667     0.71
0.947033 0.140933     0.71
0.947033   0.1812     0.71
0.947033 0.221467     0.71
0.947033 0.261733     0.71
0.947033    0.302     0.71
0.947033 0.342267     0.71
0.947033 0.382533     0.71
0.947033   0.4228     0.71
0.947033 0.463067     0.71
0.947033 0.503333     0.71
0.947033   0.5436     0.71
0.947033 0.583867     0.71
 0.973767 -0.583867      0.71
0.973767  -0.5436     0.71
 0.973767 -0.503333      0.71
 0.973767 -0.463067      0.71
0.973767  -0.4228     0.71
 0.973767 -0.382533      0.71
 0.973767 -0.342267      0.71
0.973767   -0.302     0.71
 0.973767 -0.261733      0.71
 0.973767 -0.221467      0.71
0.973767  -0.1812     0.71
 0.973767 -0.140933      0.71
 0.973767 -0.100667      0.71
0.973767  -0.0604     0.71
  0.973767 -0.0201333       0.71
 0.973767 0.0201333      0.71
0.973767   0.0604     0.71
0.973767 0.100667     0.71
0.973767 0.140933     0.71
0.973767   0.1812     0.71
0.973767 0.221467     0.71
0.973767 0.261733     0.71
0.973767    0.302     0.71
0.973767 0.342267     0.71
0.973767 0.382533     0.71
0.973767   0.4228     0.71
0.973767 0.463067     0.71
0.973767 0.503333     0.71
0.973767   0.5436     0.71
0.973767 0.583867     0.71
   1.0005 -0.583867      0.71
 1.0005 -0.5436    0.71
   1.0005 -0.503333      0.71
   1.0005 -0.463067      0.71
 1.0005 -0.4228    0.71
   1.0005 -0.382533      0.71
   1.0005 -0.342267      0.71
1.0005 -0.302   0.71
   1.0005 -0.261733      0.71
   1.0005 -0.221467      0.71
 1.0005 -0.1812    0.71
   1.0005 -0.140933      0.71
   1.0005 -0.100667      0.71
 1.0005 -0.0604    0.71
    1.0005 -0.0201333       0.71
   1.0005 0.0201333      0.71
1.0005 0.0604   0.71
  1.0005 0.100667     0.71
  1.0005 0.140933     0.71
1.0005 0.1812   0.71
  1.0005 0.221467     0.71
  1.0005 0.261733     0.71
1.0005  0.302   0.71
  1.0005 0.342267     0.71
  1.0005 0.382533     0.71
1.0005 0.4228   0.71
  1.0005 0.463067     0.71
  1.0005 0.503333     0.71
1.0005 0.5436   0.71
  1.0005 0.583867     0.71
  1.02723 -0.583867      0.71
1.02723 -0.5436    0.71
  1.02723 -0.503333      0.71
  1.02723 -0.463067      0.71
1.02723 -0.4228    0.71
  1.02723 -0.382533      0.71
  1.02723 -0.342267      0.71
1.02723  -0.302    0.71
  1.02723 -0.261733      0.71
  1.02723 -0.221467      0.71
1.02723 -0.1812    0.71
  1.02723 -0.140933      0.71
  1.02723 -0.100667      0.71
1.02723 -0.0604    0.71
   1.02723 -0.0201333       0.71
  1.02723 0.0201333      0.71
1.02723  0.0604    0.71
 1.02723 0.100667     0.71
 1.02723 0.140933     0.71
1.02723  0.1812    0.71
 1.02723 0.221467     0.71
 1.02723 0.261733     0.71
1.02723   0.302    0.71
 1.02723 0.342267     0.71
 1.02723 0.382533     0.71
1.02723  0.4228    0.71
 1.02723 0.463067     0.71
 1.02723 0.503333     0.71
1.02723  0.5436    0.71
 1.02723 0.583867     0.71
  1.05397 -0.583867      0.71
1.05397 -0.5436    0.71
  1.05397 -0.503333      0.71
  1.05397 -0.463067      0.71
1.05397 -0.4228    0.71
  1.05397 -0.382533      0.71
  1.05397 -0.342267      0.71
1.05397  -0.302    0.71
  1.05397 -0.261733      0.71
  1.05397 -0.221467      0.71
1.05397 -0.1812    0.71
  1.05397 -0.140933      0.71
  1.05397 -0.100667      0.71
1.05397 -0.0604    0.71
   1.05397 -0.0201333       0.71
  1.05397 0.0201333      0.71
1.05397  0.0604    0.71
 1.05397 0.100667     0.71
 1.05397 0.140933     0.71
1.05397  0.1812    0.71
 1.05397 0.221467     0.71
 1.05397 0.261733     0.71
1.05397   0.302    0.71
 1.05397 0.342267     0.71
 1.05397 0.382533     0.71
1.05397  0.4228    0.71
 1.05397 0.463067     0.71
 1.05397 0.503333     0.71
1.05397  0.5436    0.71
 1.05397 0.583867     0.71
   1.0807 -0.583867      0.71
 1.0807 -0.5436    0.71
   1.0807 -0.503333      0.71
   1.0807 -0.463067      0.71
 1.0807 -0.4228    0.71
   1.0807 -0.382533      0.71
   1.0807 -0.342267      0.71
1.0807 -0.302   0.71
   1.0807 -0.261733      0.71
   1.0807 -0.221467      0.71
 1.0807 -0.1812    0.71
   1.0807 -0.140933      0.71
   1.0807 -0.100667      0.71
 1.0807 -0.0604    0.71
    1.0807 -0.0201333       0.71
   1.0807 0.0201333      0.71
1.0807 0.0604   0.71
  1.0807 0.100667     0.71
  1.0807 0.140933     0.71
1.0807 0.1812   0.71
  1.0807 0.221467     0.71
  1.0807 0.261733     0.71
1.0807  0.302   0.71
  1.0807 0.342267     0.71
  1.0807 0.382533     0.71
1.0807 0.4228   0.71
  1.0807 0.463067     0.71
  1.0807 0.503333     0.71
1.0807 0.5436   0.71
  1.0807 0.583867     0.71
  1.10743 -0.583867      0.71
1.10743 -0.5436    0.71
  1.10743 -0.503333      0.71
  1.10743 -0.463067      0.71
1.10743 -0.4228    0.71
  1.10743 -0.382533      0.71
  1.10743 -0.342267      0.71
1.10743  -0.302    0.71
  1.10743 -0.261733      0.71
  1.10743 -0.221467      0.71
1.10743 -0.1812    0.71
  1.10743 -0.140933      0.71
  1.10743 -0.100667      0.71
1.10743 -0.0604    0.71
   1.10743 -0.0201333       0.71
  1.10743 0.0201333      0.71
1.10743  0.0604    0.71
 1.10743 0.100667     0.71
 1.10743 0.140933     0.71
1.10743  0.1812    0.71
 1.10743 0.221467     0.71
 1.10743 0.261733     0.71
1.10743   0.302    0.71
 1.10743 0.342267     0.71
 1.10743 0.382533     0.71
1.10743  0.4228    0.71
 1.10743 0.463067     0.71
 1.10743 0.503333     0.71
1.10743  0.5436    0.71
 1.10743 0.583867     0.71
  1.13417 -0.583867      0.71
1.13417 -0.5436    0.71
  1.13417 -0.503333      0.71
  1.13417 -0.463067      0.71
1.13417 -0.4228    0.71
  1.13417 -0.382533      0.71
  1.13417 -0.342267      0.71
1.13417  -0.302    0.71
  1.13417 -0.261733      0.71
  1.13417 -0.221467      0.71
1.13417 -0.1812    0.71
  1.13417 -0.140933      0.71
  1.13417 -0.100667      0.71
1.13417 -0.0604    0.71
   1.13417 -0.0201333       0.71
  1.13417 0.0201333      0.71
1.13417  0.0604    0.71
 1.13417 0.100667     0.71
 1.13417 0.140933     0.71
1.13417  0.1812    0.71
 1.13417 0.221467     0.71
 1.13417 0.261733     0.71
1.13417   0.302    0.71
 1.13417 0.342267     0.71
 1.13417 0.382533     0.71
1.13417  0.4228    0.71
 1.13417 0.463067     0.71
 1.13417 0.503333     0.71
1.13417  0.5436    0.71
 1.13417 0.583867     0.71
   1.1609 -0.583867      0.71
 1.1609 -0.5436    0.71
   1.1609 -0.503333      0.71
   1.1609 -0.463067      0.71
 1.1609 -0.4228    0.71
   1.1609 -0.382533      0.71
   1.1609 -0.342267      0.71
1.1609 -0.302   0.71
   1.1609 -0.261733      0.71
   1.1609 -0.221467      0.71
 1.1609 -0.1812    0.71
   1.1609 -0.140933      0.71
   1.1609 -0.100667      0.71
 1.1609 -0.0604    0.71
    1.1609 -0.0201333       0.71
   1.1609 0.0201333      0.71
1.1609 0.0604   0.71
  1.1609 0.100667     0.71
  1.1609 0.140933     0.71
1.1609 0.1812   0.71
  1.1609 0.221467     0.71
  1.1609 0.261733     0.71
1.1609  0.302   0.71
  1.1609 0.342267     0.71
  1.1609 0.382533     0.71
1.1609 0.4228   0.71
  1.1609 0.463067     0.71
  1.1609 0.503333     0.71
1.1609 0.5436   0.71
  1.1609 0.583867     0.71
  1.18763 -0.583867      0.71
1.18763 -0.5436    0.71
  1.18763 -0.503333      0.71
  1.18763 -0.463067      0.71
1.18763 -0.4228    0.71
  1.18763 -0.382533      0.71
  1.18763 -0.342267      0.71
1.18763  -0.302    0.71
  1.18763 -0.261733      0.71
  1.18763 -0.221467      0.71
1.18763 -0.1812    0.71
  1.18763 -0.140933      0.71
  1.18763 -0.100667      0.71
1.18763 -0.0604    0.71
   1.18763 -0.0201333       0.71
  1.18763 0.0201333      0.71
1.18763  0.0604    0.71
 1.18763 0.100667     0.71
 1.18763 0.140933     0.71
1.18763  0.1812    0.71
 1.18763 0.221467     0.71
 1.18763 0.261733     0.71
1.18763   0.302    0.71
 1.18763 0.342267     0.71
 1.18763 0.382533     0.71
1.18763  0.4228    0.71
 1.18763 0.463067     0.71
 1.18763 0.503333     0.71
1.18763  0.5436    0.71
 1.18763 0.583867     0.71
