  0.251581 -0.0623956   0.591722
  0.252717 -0.0440785   0.592027
  0.252317 -0.0837559   0.589742
 0.253196 -0.062914  0.593409
  0.253744 -0.0479398   0.593355
  0.254816 -0.0316091   0.589309
  0.254364 -0.0800117   0.590379
  0.255514 -0.0606383   0.592709
   0.25586 -0.0470234   0.593082
  0.255812 -0.0330232    0.58972
  0.255904 -0.0784928   0.592383
  0.258084 -0.0580162   0.592397
  0.258234 -0.0446713   0.592167
  0.258032 -0.0315655   0.589081
   0.25809 -0.0767854   0.595952
  0.260443 -0.0560669   0.593965
  0.260968 -0.0409177   0.594885
  0.26117 -0.028231  0.593061
  0.260904 -0.0968297   0.597943
  0.260613 -0.0756924   0.598383
  0.262802 -0.0531223   0.596473
  0.263096 -0.0374932   0.600041
  0.263259 -0.0242902   0.598544
  0.263224 -0.0131235   0.595438
  0.262484 -0.0988298   0.601906
  0.263233 -0.0902072    0.60118
  0.263057 -0.0708379    0.59931
  0.264561 -0.0510884    0.59828
  0.264573 -0.0361068   0.599357
  0.264534 -0.0228955   0.599836
  0.265337 -0.0101482   0.599048
  0.265038 -0.0891476   0.604053
  0.265119 -0.0832221   0.604821
  0.267372 -0.0674381   0.598638
   0.26693 -0.0490628   0.599327
  0.266129 -0.0352206   0.597965
 0.266027 -0.022548  0.598647
   0.266681 -0.00937393    0.597876
  0.267944 0.00370284   0.592709
 0.266902 -0.104645  0.604145
  0.268173 -0.0801641   0.604415
  0.267796 -0.0778153   0.605355
  0.269356 -0.0670928   0.600567
  0.269226 -0.0468073   0.600194
  0.269619 -0.0297548   0.599189
   0.26828 -0.0189279   0.599522
   0.268429 -0.00631467    0.598798
  0.267988 0.00425957   0.593867
  0.269229 -0.0996597    0.60558
  0.269832 -0.0805599   0.606386
  0.269567 -0.0766724   0.606748
   0.27063 -0.0656716    0.60434
  0.270238 -0.0441868   0.605555
   0.27111 -0.0250565   0.603525
  0.269641 -0.0140288   0.603347
   0.270526 -0.00170218    0.602495
  0.26974 0.0082552  0.600537
 0.270044 -0.116808  0.606606
  0.271251 -0.0959821   0.607642
  0.271858 -0.0767789   0.608357
   0.27203 -0.0719498   0.608124
   0.27283 -0.0581111   0.606675
  0.272045 -0.0396445   0.607638
  0.272652 -0.0214143   0.605533
   0.271163 -0.00941992    0.607277
  0.271754 0.00372296   0.607593
 0.271559 0.0146171  0.604982
 0.271665 0.0245791   0.59735
  0.27083 -0.110674   0.60855
  0.272341 -0.0899279   0.609777
  0.272975 -0.0747672   0.610238
  0.273875 -0.0632117   0.609842
  0.274099 -0.0512233   0.609632
  0.274307 -0.0365453   0.608283
  0.274052 -0.0180787   0.607881
  0.272461 -0.0042141   0.609193
  0.272189 0.00699171   0.609245
 0.272748 0.0172458  0.605952
  0.27325 0.0286899  0.601843
 0.274627 0.0382314  0.590708
 0.272111 -0.105986  0.610542
  0.272952 -0.0852554   0.613009
  0.273019 -0.0764588   0.613726
  0.273996 -0.0610307    0.61277
  0.27437 -0.048105  0.611175
  0.275228 -0.0350333    0.60984
  0.273812 -0.0146705    0.61092
  0.273517 0.00112238   0.612516
 0.273302 0.0119115  0.612185
 0.274073 0.0233642  0.607849
 0.273947 0.0317745  0.604923
 0.275859 0.0426003  0.593433
 0.267364 -0.128734  0.613151
  0.27109 -0.101126  0.614327
  0.272258 -0.0856548   0.616103
  0.274066 -0.0741573   0.615456
  0.275235 -0.0544707   0.614382
  0.275538 -0.0432465   0.612348
  0.276024 -0.0277254   0.611187
  0.275383 -0.0114502   0.611044
  0.274875 0.00522272   0.612528
 0.274145 0.0165415  0.614514
 0.274823 0.0287797  0.610684
 0.275401 0.0361965  0.606486
 0.276439 0.0464453  0.598093
 0.278044 0.0576067  0.589582
 0.267933 -0.125117   0.61577
  0.270923 -0.0984671   0.617469
  0.271271 -0.0895609   0.618864
  0.273271 -0.0740648   0.617875
  0.275317 -0.0514082   0.615915
  0.276378 -0.0397544    0.61335
  0.277636 -0.0205529   0.610778
   0.276749 -0.00705818    0.612158
  0.276942 0.00993403   0.610388
 0.274448 0.0207906   0.61449
 0.275301 0.0339299  0.612948
 0.276886 0.0418047  0.607546
 0.277556 0.0511591  0.600617
0.278887 0.061693 0.592091
 0.279997 0.0748874  0.586224
 0.269868 -0.105207  0.619019
   0.27248 -0.0920681    0.61857
 0.273812 -0.069902  0.619545
  0.274907 -0.0452304   0.618557
  0.276208 -0.0387223   0.614076
  0.277453 -0.0152453   0.611179
   0.278116 -0.00313088    0.610321
 0.277857 0.0158351  0.609915
 0.276803 0.0257025  0.611746
  0.27667 0.0361741  0.612055
 0.276872 0.0470245  0.609932
0.278189 0.055929 0.603566
 0.279544 0.0665856   0.59386
 0.281214 0.0784334  0.587923
0.284458 0.103652 0.577404
 0.269837 -0.117112  0.618085
  0.272102 -0.0926175    0.61969
   0.27494 -0.0657544   0.619059
  0.276539 -0.0404254   0.616319
  0.277116 -0.0335996   0.614354
  0.278314 -0.0118451   0.611884
  0.279434 0.00471842    0.60858
 0.278751 0.0197253  0.610074
  0.27884 0.0331231  0.609709
 0.277902 0.0417756  0.609876
 0.277488 0.0517202  0.609158
   0.2787 0.0611077  0.605074
 0.280802 0.0711899  0.595591
 0.282685 0.0823599  0.588054
 0.284472 0.0942161  0.582333
0.283988 0.108396 0.580672
 0.266739 -0.141008  0.617418
 0.268377 -0.134987   0.61735
 0.270628 -0.116921  0.618621
  0.272965 -0.0910491   0.620358
  0.274147 -0.0621409   0.620761
  0.276224 -0.0390304   0.615988
  0.278115 -0.0299842   0.612941
   0.279111 -0.00985188    0.610968
  0.280209 0.00856646   0.607731
 0.280583 0.0224115  0.608529
 0.280177 0.0393229  0.608324
 0.278375 0.0472263  0.609754
 0.279119 0.0573007  0.607363
 0.279434 0.0657724  0.603477
 0.281603 0.0757242  0.597406
 0.283754 0.0871045  0.589809
 0.285228 0.0986383  0.583844
0.284472 0.112994 0.581516
 0.266159 -0.145938  0.615115
 0.267511 -0.138479  0.618431
 0.269612 -0.128353   0.61859
 0.272118 -0.112055  0.618766
  0.273633 -0.0872039    0.62032
  0.274988 -0.0566999   0.619957
  0.277518 -0.0348085   0.614963
  0.278172 -0.0253091   0.612423
   0.279154 -0.00627018    0.609505
 0.279165 0.0137836  0.609019
 0.280299 0.0278824  0.607632
 0.280157 0.0451071  0.607941
 0.279586 0.0517761  0.608553
 0.280376 0.0624425  0.605806
0.280536  0.07073 0.602297
 0.282135 0.0810751  0.598323
 0.284818 0.0912041  0.590166
0.285614 0.104073 0.584962
0.285613 0.118413  0.58065
0.266313 -0.14747 0.616028
  0.26626 -0.133029  0.620237
 0.269779 -0.126048  0.619186
 0.271603 -0.110526  0.619044
  0.272687 -0.0858552   0.621052
  0.274097 -0.0584796   0.620124
 0.277103 -0.034878  0.614922
  0.279154 -0.0193619   0.612023
   0.279783 -0.00374828    0.609566
 0.280517 0.0164364  0.608002
 0.281416 0.0324811  0.606853
0.281262 0.047435 0.607622
0.281138  0.05622 0.606754
 0.280713 0.0674678  0.604155
 0.281779 0.0765109  0.601606
 0.282878 0.0867647  0.598051
0.284892 0.096742 0.591342
0.285993 0.108697 0.585462
0.286359 0.122459 0.580082
 0.266478 -0.149548  0.616694
 0.266513 -0.129175  0.621275
 0.268938 -0.119196  0.620516
  0.27159 -0.104195  0.620397
  0.272582 -0.0794454   0.621679
  0.274553 -0.0556749    0.61916
   0.27618 -0.0318031   0.617587
  0.277679 -0.0210754   0.613048
   0.278639 -0.00588525    0.610503
 0.279592 0.0143493  0.608237
0.280709 0.035638 0.606791
 0.282314 0.0494424  0.606514
 0.281854 0.0641579  0.604421
0.281388 0.072313 0.602739
 0.282807 0.0817618   0.60038
 0.283909 0.0917492  0.597436
0.285642 0.101655 0.591185
0.286729 0.113039 0.584945
0.287555 0.125481 0.578318
0.267298 -0.12851 0.621444
0.269956  -0.1168 0.619025
 0.270718 -0.102345  0.620923
  0.271283 -0.0772288   0.622033
  0.273276 -0.0551237   0.619642
  0.275192 -0.0325669   0.617938
  0.278396 -0.0154949    0.61354
  0.279082 -0.0025237   0.611014
 0.280219 0.0173155  0.607707
 0.280062 0.0382822  0.607327
 0.281112 0.0526845  0.606448
 0.281818 0.0667518   0.60442
 0.282668 0.0775496  0.601612
 0.283834 0.0879027  0.598334
 0.285198 0.0965234  0.595085
0.286318 0.106888 0.590274
0.287422 0.118151 0.584507
0.288657 0.129305 0.576911
 0.267025 -0.131133   0.62022
  0.26876 -0.112615  0.619223
  0.270143 -0.0962255   0.621053
    0.2711 -0.0714327   0.622425
  0.273125 -0.0500002   0.620793
  0.274867 -0.0280771   0.617976
  0.277503 -0.0128727   0.614112
   0.279253 -0.00116847    0.611036
 0.280201 0.0180542   0.60771
 0.280848 0.0399046  0.605904
  0.28245 0.0566626  0.603681
 0.282973 0.0681283  0.603925
 0.284222 0.0813377  0.599552
 0.284579 0.0936935  0.596119
0.286056 0.101904 0.592426
0.286863 0.112568 0.589677
0.288009 0.122607 0.583472
 0.267676 -0.131622  0.618584
 0.268795 -0.111072  0.619715
   0.26985 -0.0923053   0.621569
  0.270199 -0.0669642   0.622731
  0.272216 -0.0484287   0.621297
  0.274241 -0.0270149   0.618141
   0.277656 -0.00438714    0.613574
   0.278239 0.000648765    0.611741
 0.279326 0.0174034  0.608151
 0.280302 0.0415784  0.604901
 0.281415 0.0604991  0.602064
 0.283465 0.0715196  0.600791
  0.28405 0.0853866   0.59818
 0.285314 0.0973907  0.594355
0.286954 0.107952 0.590844
 0.265613 -0.154196  0.612754
 0.266652 -0.127622   0.61819
 0.267829 -0.101471  0.620077
 0.268271 -0.083971  0.621505
   0.26918 -0.0612005   0.621873
  0.270902 -0.0424057   0.621379
  0.273397 -0.0229959   0.617703
   0.275961 -0.00259399    0.613942
   0.27921 0.00676384   0.610574
  0.28011 0.0214572  0.607244
 0.280901 0.0445836  0.604677
0.281818 0.064463 0.601361
 0.283177 0.0761015  0.600173
 0.284691 0.0871883  0.597395
0.286569 0.101837 0.592289
 0.266122 -0.153027  0.612835
 0.267313 -0.123009  0.617426
  0.268518 -0.0980168   0.619515
  0.269004 -0.0795476     0.6209
   0.26966 -0.0577391    0.62121
  0.270689 -0.0390008   0.621364
  0.273212 -0.0187372   0.617944
  0.274924 0.00209717   0.615364
  0.278991 0.00701919   0.608981
0.279729 0.020063 0.606754
 0.280321 0.0420933  0.604082
 0.281083 0.0640296  0.599969
 0.283441 0.0796041  0.595882
 0.284771 0.0896621  0.595039
 0.265561 -0.150231  0.611616
 0.266901 -0.120209  0.616385
  0.268141 -0.0934982   0.618412
  0.268319 -0.0703523   0.619874
  0.269102 -0.0507524   0.620094
  0.269512 -0.0342554   0.620522
  0.271704 -0.0153128   0.617561
  0.273565 0.00467732   0.614747
 0.279431 0.0131997  0.608408
  0.28046 0.0260775  0.605724
0.280769 0.045134 0.603006
 0.281528 0.0670435  0.598972
 0.282919 0.0865931  0.594591
 0.284471 0.0932357  0.593918
 0.266111 -0.149608   0.61038
 0.267428 -0.118668  0.615437
   0.26841 -0.0894352   0.617581
  0.268617 -0.0658016   0.618717
  0.269061 -0.0459683    0.61906
  0.269341 -0.0285258   0.619478
   0.271464 -0.00957126    0.616417
 0.272829 0.0107701  0.613787
 0.278955 0.0138697  0.607897
0.280196 0.028153 0.604406
0.280544 0.046056 0.601426
 0.281494 0.0668229  0.597202
 0.282696 0.0856152  0.592629
  0.27227 0.0120833  0.612425
  0.27929 0.0221968   0.60595
 0.280548 0.0333645  0.602436
 0.280649 0.0478902  0.599535
 0.281654 0.0696004  0.594902
 0.282348 0.0899214  0.590609
 0.275116 0.0325145  0.605594
 0.280404 0.0375666  0.601177
0.280831 0.054415 0.597769
 0.281863 0.0735937  0.593299
 0.27503 0.037833 0.602722
0.279687 0.044606 0.599046
 0.280505 0.0614175  0.595154
 0.281474 0.0789267  0.590674
 0.280772 0.0681158  0.592411
