0.45514  0.1812    0.71 0.728281 0.203069     0.71
 0.45514 0.221467     0.71 0.728281 0.203069     0.71
 0.47118 0.140933     0.71 0.728281 0.203069     0.71
0.47118  0.1812    0.71 0.728281 0.203069     0.71
 0.47118 0.221467     0.71 0.728281 0.203069     0.71
 0.47118 0.261733     0.71 0.728281 0.203069     0.71
 0.48722 0.140933     0.71 0.728281 0.203069     0.71
0.48722  0.1812    0.71 0.728281 0.203069     0.71
 0.48722 0.221467     0.71 0.728281 0.203069     0.71
 0.48722 0.261733     0.71 0.728281 0.203069     0.71
 0.50326 0.140933     0.71 0.728281 0.203069     0.71
0.50326  0.1812    0.71 0.728281 0.203069     0.71
 0.50326 0.221467     0.71 0.728281 0.203069     0.71
 0.50326 0.261733     0.71 0.728281 0.203069     0.71
  0.5193 0.140933     0.71 0.728281 0.203069     0.71
0.5193 0.1812   0.71 0.728281 0.203069     0.71
  0.5193 0.221467     0.71 0.728281 0.203069     0.71
  0.5193 0.261733     0.71 0.728281 0.203069     0.71
 0.53534 0.100667     0.71 0.728281 0.203069     0.71
 0.53534 0.140933     0.71 0.728281 0.203069     0.71
0.53534  0.1812    0.71 0.728281 0.203069     0.71
 0.53534 0.221467     0.71 0.728281 0.203069     0.71
 0.53534 0.261733     0.71 0.728281 0.203069     0.71
0.53534   0.302    0.71 0.728281 0.203069     0.71
0.55138  0.0604    0.71 0.728281 0.203069     0.71
 0.55138 0.100667     0.71 0.728281 0.203069     0.71
 0.55138 0.140933     0.71 0.728281 0.203069     0.71
0.55138  0.1812    0.71 0.728281 0.203069     0.71
 0.55138 0.221467     0.71 0.728281 0.203069     0.71
 0.55138 0.261733     0.71 0.728281 0.203069     0.71
0.55138   0.302    0.71 0.728281 0.203069     0.71
0.56742  0.0604    0.71 0.728281 0.203069     0.71
 0.56742 0.100667     0.71 0.728281 0.203069     0.71
 0.56742 0.140933     0.71 0.728281 0.203069     0.71
0.56742  0.1812    0.71 0.728281 0.203069     0.71
 0.56742 0.221467     0.71 0.728281 0.203069     0.71
 0.56742 0.261733     0.71 0.728281 0.203069     0.71
0.56742   0.302    0.71 0.728281 0.203069     0.71
 0.56742 0.342267     0.71 0.728281 0.203069     0.71
  0.58346 0.0201333      0.71 0.728281 0.203069     0.71
0.58346  0.0604    0.71 0.728281 0.203069     0.71
 0.58346 0.100667     0.71 0.728281 0.203069     0.71
 0.58346 0.140933     0.71 0.728281 0.203069     0.71
0.58346  0.1812    0.71 0.728281 0.203069     0.71
 0.58346 0.221467     0.71 0.728281 0.203069     0.71
 0.58346 0.261733     0.71 0.728281 0.203069     0.71
0.58346   0.302    0.71 0.728281 0.203069     0.71
 0.58346 0.342267     0.71 0.728281 0.203069     0.71
   0.5995 0.0201333      0.71 0.728281 0.203069     0.71
0.5995 0.0604   0.71 0.728281 0.203069     0.71
  0.5995 0.100667     0.71 0.728281 0.203069     0.71
  0.5995 0.140933     0.71 0.728281 0.203069     0.71
0.5995 0.1812   0.71 0.728281 0.203069     0.71
  0.5995 0.221467     0.71 0.728281 0.203069     0.71
  0.5995 0.261733     0.71 0.728281 0.203069     0.71
0.5995  0.302   0.71 0.728281 0.203069     0.71
  0.5995 0.342267     0.71 0.728281 0.203069     0.71
   0.61554 -0.0201333       0.71 0.728281 0.203069     0.71
  0.61554 0.0201333      0.71 0.728281 0.203069     0.71
0.61554  0.0604    0.71 0.728281 0.203069     0.71
 0.61554 0.100667     0.71 0.728281 0.203069     0.71
 0.61554 0.140933     0.71 0.728281 0.203069     0.71
0.61554  0.1812    0.71 0.728281 0.203069     0.71
 0.61554 0.221467     0.71 0.728281 0.203069     0.71
 0.61554 0.261733     0.71 0.728281 0.203069     0.71
0.61554   0.302    0.71 0.728281 0.203069     0.71
 0.61554 0.342267     0.71 0.728281 0.203069     0.71
 0.61554 0.382533     0.71 0.728281 0.203069     0.71
   0.63158 -0.0201333       0.71 0.728281 0.203069     0.71
  0.63158 0.0201333      0.71 0.728281 0.203069     0.71
0.63158  0.0604    0.71 0.728281 0.203069     0.71
 0.63158 0.100667     0.71 0.728281 0.203069     0.71
 0.63158 0.140933     0.71 0.728281 0.203069     0.71
0.63158  0.1812    0.71 0.728281 0.203069     0.71
 0.63158 0.221467     0.71 0.728281 0.203069     0.71
 0.63158 0.261733     0.71 0.728281 0.203069     0.71
0.63158   0.302    0.71 0.728281 0.203069     0.71
 0.63158 0.342267     0.71 0.728281 0.203069     0.71
 0.63158 0.382533     0.71 0.728281 0.203069     0.71
0.63158  0.4228    0.71 0.728281 0.203069     0.71
   0.64762 -0.0201333       0.71 0.728281 0.203069     0.71
  0.64762 0.0201333      0.71 0.728281 0.203069     0.71
0.64762  0.0604    0.71 0.728281 0.203069     0.71
 0.64762 0.100667     0.71 0.728281 0.203069     0.71
 0.64762 0.140933     0.71 0.728281 0.203069     0.71
0.64762  0.1812    0.71 0.728281 0.203069     0.71
 0.64762 0.221467     0.71 0.728281 0.203069     0.71
 0.64762 0.261733     0.71 0.728281 0.203069     0.71
0.64762   0.302    0.71 0.728281 0.203069     0.71
 0.64762 0.342267     0.71 0.728281 0.203069     0.71
 0.64762 0.382533     0.71 0.728281 0.203069     0.71
0.64762  0.4228    0.71 0.728281 0.203069     0.71
0.66366 -0.0604    0.71 0.728281 0.203069     0.71
   0.66366 -0.0201333       0.71 0.728281 0.203069     0.71
  0.66366 0.0201333      0.71 0.728281 0.203069     0.71
0.66366  0.0604    0.71 0.728281 0.203069     0.71
 0.66366 0.100667     0.71 0.728281 0.203069     0.71
 0.66366 0.140933     0.71 0.728281 0.203069     0.71
0.66366  0.1812    0.71 0.728281 0.203069     0.71
 0.66366 0.221467     0.71 0.728281 0.203069     0.71
 0.66366 0.261733     0.71 0.728281 0.203069     0.71
0.66366   0.302    0.71 0.728281 0.203069     0.71
 0.66366 0.342267     0.71 0.728281 0.203069     0.71
 0.66366 0.382533     0.71 0.728281 0.203069     0.71
0.66366  0.4228    0.71 0.728281 0.203069     0.71
 0.66366 0.463067     0.71 0.728281 0.203069     0.71
 0.6797 -0.0604    0.71 0.728281 0.203069     0.71
    0.6797 -0.0201333       0.71 0.728281 0.203069     0.71
   0.6797 0.0201333      0.71 0.728281 0.203069     0.71
0.6797 0.0604   0.71 0.728281 0.203069     0.71
  0.6797 0.100667     0.71 0.728281 0.203069     0.71
  0.6797 0.140933     0.71 0.728281 0.203069     0.71
0.6797 0.1812   0.71 0.728281 0.203069     0.71
  0.6797 0.221467     0.71 0.728281 0.203069     0.71
  0.6797 0.261733     0.71 0.728281 0.203069     0.71
0.6797  0.302   0.71 0.728281 0.203069     0.71
  0.6797 0.342267     0.71 0.728281 0.203069     0.71
  0.6797 0.382533     0.71 0.728281 0.203069     0.71
0.6797 0.4228   0.71 0.728281 0.203069     0.71
  0.6797 0.463067     0.71 0.728281 0.203069     0.71
  0.6797 0.503333     0.71 0.728281 0.203069     0.71
   0.69574 -0.0201333       0.71 0.728281 0.203069     0.71
  0.69574 0.0201333      0.71 0.728281 0.203069     0.71
0.69574  0.0604    0.71 0.728281 0.203069     0.71
 0.69574 0.100667     0.71 0.728281 0.203069     0.71
 0.69574 0.140933     0.71 0.728281 0.203069     0.71
0.69574  0.1812    0.71 0.728281 0.203069     0.71
 0.69574 0.221467     0.71 0.728281 0.203069     0.71
 0.69574 0.261733     0.71 0.728281 0.203069     0.71
0.69574   0.302    0.71 0.728281 0.203069     0.71
 0.69574 0.342267     0.71 0.728281 0.203069     0.71
 0.69574 0.382533     0.71 0.728281 0.203069     0.71
0.69574  0.4228    0.71 0.728281 0.203069     0.71
 0.69574 0.463067     0.71 0.728281 0.203069     0.71
 0.69574 0.503333     0.71 0.728281 0.203069     0.71
 0.69574 0.583867     0.71 0.728281 0.203069     0.71
   0.71178 -0.0201333       0.71 0.728281 0.203069     0.71
  0.71178 0.0201333      0.71 0.728281 0.203069     0.71
0.71178  0.0604    0.71 0.728281 0.203069     0.71
 0.71178 0.100667     0.71 0.728281 0.203069     0.71
 0.71178 0.140933     0.71 0.728281 0.203069     0.71
0.71178  0.1812    0.71 0.728281 0.203069     0.71
 0.71178 0.221467     0.71 0.728281 0.203069     0.71
 0.71178 0.261733     0.71 0.728281 0.203069     0.71
0.71178   0.302    0.71 0.728281 0.203069     0.71
 0.71178 0.342267     0.71 0.728281 0.203069     0.71
 0.71178 0.382533     0.71 0.728281 0.203069     0.71
0.71178  0.4228    0.71 0.728281 0.203069     0.71
 0.71178 0.463067     0.71 0.728281 0.203069     0.71
 0.71178 0.503333     0.71 0.728281 0.203069     0.71
0.71178  0.5436    0.71 0.728281 0.203069     0.71
 0.71178 0.583867     0.71 0.728281 0.203069     0.71
  0.72782 -0.100667      0.71 0.728281 0.203069     0.71
0.72782 -0.0604    0.71 0.728281 0.203069     0.71
   0.72782 -0.0201333       0.71 0.728281 0.203069     0.71
  0.72782 0.0201333      0.71 0.728281 0.203069     0.71
0.72782  0.0604    0.71 0.728281 0.203069     0.71
 0.72782 0.100667     0.71 0.728281 0.203069     0.71
 0.72782 0.140933     0.71 0.728281 0.203069     0.71
0.72782  0.1812    0.71 0.728281 0.203069     0.71
 0.72782 0.221467     0.71 0.728281 0.203069     0.71
 0.72782 0.261733     0.71 0.728281 0.203069     0.71
0.72782   0.302    0.71 0.728281 0.203069     0.71
 0.72782 0.342267     0.71 0.728281 0.203069     0.71
 0.72782 0.382533     0.71 0.728281 0.203069     0.71
0.72782  0.4228    0.71 0.728281 0.203069     0.71
 0.72782 0.463067     0.71 0.728281 0.203069     0.71
 0.72782 0.503333     0.71 0.728281 0.203069     0.71
0.72782  0.5436    0.71 0.728281 0.203069     0.71
 0.72782 0.583867     0.71 0.728281 0.203069     0.71
  0.74386 -0.140933      0.71 0.728281 0.203069     0.71
  0.74386 -0.100667      0.71 0.728281 0.203069     0.71
0.74386 -0.0604    0.71 0.728281 0.203069     0.71
   0.74386 -0.0201333       0.71 0.728281 0.203069     0.71
  0.74386 0.0201333      0.71 0.728281 0.203069     0.71
0.74386  0.0604    0.71 0.728281 0.203069     0.71
 0.74386 0.100667     0.71 0.728281 0.203069     0.71
 0.74386 0.140933     0.71 0.728281 0.203069     0.71
0.74386  0.1812    0.71 0.728281 0.203069     0.71
 0.74386 0.221467     0.71 0.728281 0.203069     0.71
 0.74386 0.261733     0.71 0.728281 0.203069     0.71
0.74386   0.302    0.71 0.728281 0.203069     0.71
 0.74386 0.342267     0.71 0.728281 0.203069     0.71
 0.74386 0.382533     0.71 0.728281 0.203069     0.71
0.74386  0.4228    0.71 0.728281 0.203069     0.71
 0.74386 0.463067     0.71 0.728281 0.203069     0.71
 0.74386 0.503333     0.71 0.728281 0.203069     0.71
0.74386  0.5436    0.71 0.728281 0.203069     0.71
 0.74386 0.583867     0.71 0.728281 0.203069     0.71
   0.7599 -0.140933      0.71 0.728281 0.203069     0.71
   0.7599 -0.100667      0.71 0.728281 0.203069     0.71
 0.7599 -0.0604    0.71 0.728281 0.203069     0.71
    0.7599 -0.0201333       0.71 0.728281 0.203069     0.71
   0.7599 0.0201333      0.71 0.728281 0.203069     0.71
0.7599 0.0604   0.71 0.728281 0.203069     0.71
  0.7599 0.100667     0.71 0.728281 0.203069     0.71
  0.7599 0.140933     0.71 0.728281 0.203069     0.71
0.7599 0.1812   0.71 0.728281 0.203069     0.71
  0.7599 0.221467     0.71 0.728281 0.203069     0.71
  0.7599 0.261733     0.71 0.728281 0.203069     0.71
0.7599  0.302   0.71 0.728281 0.203069     0.71
  0.7599 0.342267     0.71 0.728281 0.203069     0.71
  0.7599 0.382533     0.71 0.728281 0.203069     0.71
0.7599 0.4228   0.71 0.728281 0.203069     0.71
  0.7599 0.463067     0.71 0.728281 0.203069     0.71
  0.7599 0.503333     0.71 0.728281 0.203069     0.71
0.7599 0.5436   0.71 0.728281 0.203069     0.71
  0.7599 0.583867     0.71 0.728281 0.203069     0.71
  0.77594 -0.140933      0.71 0.728281 0.203069     0.71
  0.77594 -0.100667      0.71 0.728281 0.203069     0.71
0.77594 -0.0604    0.71 0.728281 0.203069     0.71
   0.77594 -0.0201333       0.71 0.728281 0.203069     0.71
  0.77594 0.0201333      0.71 0.728281 0.203069     0.71
0.77594  0.0604    0.71 0.728281 0.203069     0.71
 0.77594 0.100667     0.71 0.728281 0.203069     0.71
 0.77594 0.140933     0.71 0.728281 0.203069     0.71
0.77594  0.1812    0.71 0.728281 0.203069     0.71
 0.77594 0.221467     0.71 0.728281 0.203069     0.71
 0.77594 0.261733     0.71 0.728281 0.203069     0.71
0.77594   0.302    0.71 0.728281 0.203069     0.71
 0.77594 0.342267     0.71 0.728281 0.203069     0.71
 0.77594 0.382533     0.71 0.728281 0.203069     0.71
0.77594  0.4228    0.71 0.728281 0.203069     0.71
 0.77594 0.463067     0.71 0.728281 0.203069     0.71
 0.77594 0.503333     0.71 0.728281 0.203069     0.71
0.77594  0.5436    0.71 0.728281 0.203069     0.71
 0.77594 0.583867     0.71 0.728281 0.203069     0.71
  0.79198 -0.100667      0.71 0.728281 0.203069     0.71
0.79198 -0.0604    0.71 0.728281 0.203069     0.71
   0.79198 -0.0201333       0.71 0.728281 0.203069     0.71
  0.79198 0.0201333      0.71 0.728281 0.203069     0.71
0.79198  0.0604    0.71 0.728281 0.203069     0.71
 0.79198 0.100667     0.71 0.728281 0.203069     0.71
 0.79198 0.140933     0.71 0.728281 0.203069     0.71
0.79198  0.1812    0.71 0.728281 0.203069     0.71
 0.79198 0.221467     0.71 0.728281 0.203069     0.71
 0.79198 0.261733     0.71 0.728281 0.203069     0.71
0.79198   0.302    0.71 0.728281 0.203069     0.71
 0.79198 0.342267     0.71 0.728281 0.203069     0.71
 0.79198 0.382533     0.71 0.728281 0.203069     0.71
0.79198  0.4228    0.71 0.728281 0.203069     0.71
 0.79198 0.463067     0.71 0.728281 0.203069     0.71
 0.79198 0.503333     0.71 0.728281 0.203069     0.71
0.79198  0.5436    0.71 0.728281 0.203069     0.71
 0.79198 0.583867     0.71 0.728281 0.203069     0.71
  0.80802 -0.100667      0.71 0.728281 0.203069     0.71
0.80802 -0.0604    0.71 0.728281 0.203069     0.71
   0.80802 -0.0201333       0.71 0.728281 0.203069     0.71
  0.80802 0.0201333      0.71 0.728281 0.203069     0.71
0.80802  0.0604    0.71 0.728281 0.203069     0.71
 0.80802 0.100667     0.71 0.728281 0.203069     0.71
 0.80802 0.140933     0.71 0.728281 0.203069     0.71
0.80802  0.1812    0.71 0.728281 0.203069     0.71
 0.80802 0.221467     0.71 0.728281 0.203069     0.71
 0.80802 0.261733     0.71 0.728281 0.203069     0.71
0.80802   0.302    0.71 0.728281 0.203069     0.71
 0.80802 0.342267     0.71 0.728281 0.203069     0.71
 0.80802 0.382533     0.71 0.728281 0.203069     0.71
0.80802  0.4228    0.71 0.728281 0.203069     0.71
 0.80802 0.463067     0.71 0.728281 0.203069     0.71
 0.80802 0.503333     0.71 0.728281 0.203069     0.71
0.80802  0.5436    0.71 0.728281 0.203069     0.71
  0.82406 -0.100667      0.71 0.728281 0.203069     0.71
0.82406 -0.0604    0.71 0.728281 0.203069     0.71
   0.82406 -0.0201333       0.71 0.728281 0.203069     0.71
  0.82406 0.0201333      0.71 0.728281 0.203069     0.71
0.82406  0.0604    0.71 0.728281 0.203069     0.71
 0.82406 0.100667     0.71 0.728281 0.203069     0.71
 0.82406 0.140933     0.71 0.728281 0.203069     0.71
0.82406  0.1812    0.71 0.728281 0.203069     0.71
 0.82406 0.221467     0.71 0.728281 0.203069     0.71
 0.82406 0.261733     0.71 0.728281 0.203069     0.71
0.82406   0.302    0.71 0.728281 0.203069     0.71
 0.82406 0.342267     0.71 0.728281 0.203069     0.71
 0.82406 0.382533     0.71 0.728281 0.203069     0.71
0.82406  0.4228    0.71 0.728281 0.203069     0.71
 0.82406 0.463067     0.71 0.728281 0.203069     0.71
   0.8401 -0.140933      0.71 0.728281 0.203069     0.71
   0.8401 -0.100667      0.71 0.728281 0.203069     0.71
 0.8401 -0.0604    0.71 0.728281 0.203069     0.71
    0.8401 -0.0201333       0.71 0.728281 0.203069     0.71
   0.8401 0.0201333      0.71 0.728281 0.203069     0.71
0.8401 0.0604   0.71 0.728281 0.203069     0.71
  0.8401 0.100667     0.71 0.728281 0.203069     0.71
  0.8401 0.140933     0.71 0.728281 0.203069     0.71
0.8401 0.1812   0.71 0.728281 0.203069     0.71
  0.8401 0.221467     0.71 0.728281 0.203069     0.71
  0.8401 0.261733     0.71 0.728281 0.203069     0.71
0.8401  0.302   0.71 0.728281 0.203069     0.71
  0.8401 0.342267     0.71 0.728281 0.203069     0.71
  0.8401 0.382533     0.71 0.728281 0.203069     0.71
0.8401 0.4228   0.71 0.728281 0.203069     0.71
  0.85614 -0.140933      0.71 0.728281 0.203069     0.71
  0.85614 -0.100667      0.71 0.728281 0.203069     0.71
0.85614 -0.0604    0.71 0.728281 0.203069     0.71
   0.85614 -0.0201333       0.71 0.728281 0.203069     0.71
  0.85614 0.0201333      0.71 0.728281 0.203069     0.71
0.85614  0.0604    0.71 0.728281 0.203069     0.71
 0.85614 0.100667     0.71 0.728281 0.203069     0.71
 0.85614 0.140933     0.71 0.728281 0.203069     0.71
0.85614  0.1812    0.71 0.728281 0.203069     0.71
 0.85614 0.221467     0.71 0.728281 0.203069     0.71
 0.85614 0.261733     0.71 0.728281 0.203069     0.71
0.85614   0.302    0.71 0.728281 0.203069     0.71
 0.85614 0.342267     0.71 0.728281 0.203069     0.71
 0.85614 0.382533     0.71 0.728281 0.203069     0.71
  0.87218 -0.140933      0.71 0.728281 0.203069     0.71
  0.87218 -0.100667      0.71 0.728281 0.203069     0.71
0.87218 -0.0604    0.71 0.728281 0.203069     0.71
   0.87218 -0.0201333       0.71 0.728281 0.203069     0.71
  0.87218 0.0201333      0.71 0.728281 0.203069     0.71
0.87218  0.0604    0.71 0.728281 0.203069     0.71
 0.87218 0.100667     0.71 0.728281 0.203069     0.71
 0.87218 0.140933     0.71 0.728281 0.203069     0.71
0.87218  0.1812    0.71 0.728281 0.203069     0.71
 0.87218 0.221467     0.71 0.728281 0.203069     0.71
 0.87218 0.261733     0.71 0.728281 0.203069     0.71
0.87218   0.302    0.71 0.728281 0.203069     0.71
 0.87218 0.342267     0.71 0.728281 0.203069     0.71
 0.87218 0.382533     0.71 0.728281 0.203069     0.71
  0.88822 -0.140933      0.71 0.728281 0.203069     0.71
  0.88822 -0.100667      0.71 0.728281 0.203069     0.71
0.88822 -0.0604    0.71 0.728281 0.203069     0.71
   0.88822 -0.0201333       0.71 0.728281 0.203069     0.71
  0.88822 0.0201333      0.71 0.728281 0.203069     0.71
0.88822  0.0604    0.71 0.728281 0.203069     0.71
 0.88822 0.100667     0.71 0.728281 0.203069     0.71
 0.88822 0.140933     0.71 0.728281 0.203069     0.71
0.88822  0.1812    0.71 0.728281 0.203069     0.71
 0.88822 0.221467     0.71 0.728281 0.203069     0.71
 0.88822 0.261733     0.71 0.728281 0.203069     0.71
0.88822   0.302    0.71 0.728281 0.203069     0.71
 0.88822 0.342267     0.71 0.728281 0.203069     0.71
 0.90426 0.140933     0.71 0.728281 0.203069     0.71
0.90426  0.1812    0.71 0.728281 0.203069     0.71
 0.90426 0.221467     0.71 0.728281 0.203069     0.71
 0.90426 0.261733     0.71 0.728281 0.203069     0.71
0.90426   0.302    0.71 0.728281 0.203069     0.71
 0.90426 0.342267     0.71 0.728281 0.203069     0.71
0.9203 0.1812   0.71 0.728281 0.203069     0.71
  0.9203 0.221467     0.71 0.728281 0.203069     0.71
  0.9203 0.261733     0.71 0.728281 0.203069     0.71
0.9203  0.302   0.71 0.728281 0.203069     0.71
0.93634  0.1812    0.71 0.728281 0.203069     0.71
 0.93634 0.221467     0.71 0.728281 0.203069     0.71
 0.93634 0.261733     0.71 0.728281 0.203069     0.71
0.93634   0.302    0.71 0.728281 0.203069     0.71
 0.95238 0.261733     0.71 0.728281 0.203069     0.71
