  0.40702 -0.583867      0.71
0.40702 -0.5436    0.71
  0.40702 -0.503333      0.71
  0.40702 -0.463067      0.71
0.40702 -0.4228    0.71
  0.40702 -0.382533      0.71
  0.40702 -0.342267      0.71
0.40702  -0.302    0.71
  0.40702 -0.261733      0.71
  0.40702 -0.221467      0.71
0.40702 -0.1812    0.71
  0.40702 -0.140933      0.71
  0.40702 -0.100667      0.71
0.40702 -0.0604    0.71
   0.40702 -0.0201333       0.71
  0.40702 0.0201333      0.71
0.40702  0.0604    0.71
 0.40702 0.100667     0.71
 0.40702 0.140933     0.71
0.40702  0.1812    0.71
 0.40702 0.221467     0.71
 0.40702 0.261733     0.71
0.40702   0.302    0.71
 0.40702 0.342267     0.71
 0.40702 0.382533     0.71
0.40702  0.4228    0.71
 0.40702 0.463067     0.71
 0.40702 0.503333     0.71
0.40702  0.5436    0.71
 0.40702 0.583867     0.71
  0.42306 -0.583867      0.71
0.42306 -0.5436    0.71
  0.42306 -0.503333      0.71
  0.42306 -0.463067      0.71
0.42306 -0.4228    0.71
  0.42306 -0.382533      0.71
  0.42306 -0.342267      0.71
0.42306  -0.302    0.71
  0.42306 -0.261733      0.71
  0.42306 -0.221467      0.71
0.42306 -0.1812    0.71
  0.42306 -0.140933      0.71
  0.42306 -0.100667      0.71
0.42306 -0.0604    0.71
   0.42306 -0.0201333       0.71
  0.42306 0.0201333      0.71
0.42306  0.0604    0.71
 0.42306 0.100667     0.71
 0.42306 0.140933     0.71
0.42306  0.1812    0.71
 0.42306 0.221467     0.71
 0.42306 0.261733     0.71
0.42306   0.302    0.71
 0.42306 0.342267     0.71
 0.42306 0.382533     0.71
0.42306  0.4228    0.71
 0.42306 0.463067     0.71
 0.42306 0.503333     0.71
0.42306  0.5436    0.71
 0.42306 0.583867     0.71
   0.4391 -0.583867      0.71
 0.4391 -0.5436    0.71
   0.4391 -0.503333      0.71
   0.4391 -0.463067      0.71
 0.4391 -0.4228    0.71
   0.4391 -0.382533      0.71
   0.4391 -0.342267      0.71
0.4391 -0.302   0.71
   0.4391 -0.261733      0.71
   0.4391 -0.221467      0.71
 0.4391 -0.1812    0.71
   0.4391 -0.140933      0.71
   0.4391 -0.100667      0.71
 0.4391 -0.0604    0.71
    0.4391 -0.0201333       0.71
   0.4391 0.0201333      0.71
0.4391 0.0604   0.71
  0.4391 0.100667     0.71
  0.4391 0.140933     0.71
0.4391 0.1812   0.71
  0.4391 0.221467     0.71
  0.4391 0.261733     0.71
0.4391  0.302   0.71
  0.4391 0.342267     0.71
  0.4391 0.382533     0.71
0.4391 0.4228   0.71
  0.4391 0.463067     0.71
  0.4391 0.503333     0.71
0.4391 0.5436   0.71
  0.4391 0.583867     0.71
  0.45514 -0.583867      0.71
0.45514 -0.5436    0.71
  0.45514 -0.503333      0.71
  0.45514 -0.463067      0.71
0.45514 -0.4228    0.71
  0.45514 -0.382533      0.71
  0.45514 -0.342267      0.71
0.45514  -0.302    0.71
  0.45514 -0.261733      0.71
  0.45514 -0.221467      0.71
0.45514 -0.1812    0.71
  0.45514 -0.140933      0.71
  0.45514 -0.100667      0.71
0.45514 -0.0604    0.71
   0.45514 -0.0201333       0.71
  0.45514 0.0201333      0.71
0.45514  0.0604    0.71
 0.45514 0.100667     0.71
 0.45514 0.140933     0.71
0.45514  0.1812    0.71
 0.45514 0.221467     0.71
 0.45514 0.261733     0.71
0.45514   0.302    0.71
 0.45514 0.342267     0.71
 0.45514 0.382533     0.71
0.45514  0.4228    0.71
 0.45514 0.463067     0.71
 0.45514 0.503333     0.71
0.45514  0.5436    0.71
 0.45514 0.583867     0.71
  0.47118 -0.583867      0.71
0.47118 -0.5436    0.71
  0.47118 -0.503333      0.71
  0.47118 -0.463067      0.71
0.47118 -0.4228    0.71
  0.47118 -0.382533      0.71
  0.47118 -0.342267      0.71
0.47118  -0.302    0.71
  0.47118 -0.261733      0.71
  0.47118 -0.221467      0.71
0.47118 -0.1812    0.71
  0.47118 -0.140933      0.71
  0.47118 -0.100667      0.71
0.47118 -0.0604    0.71
   0.47118 -0.0201333       0.71
  0.47118 0.0201333      0.71
0.47118  0.0604    0.71
 0.47118 0.100667     0.71
 0.47118 0.140933     0.71
0.47118  0.1812    0.71
 0.47118 0.221467     0.71
 0.47118 0.261733     0.71
0.47118   0.302    0.71
 0.47118 0.342267     0.71
 0.47118 0.382533     0.71
0.47118  0.4228    0.71
 0.47118 0.463067     0.71
 0.47118 0.503333     0.71
0.47118  0.5436    0.71
 0.47118 0.583867     0.71
  0.48722 -0.583867      0.71
0.48722 -0.5436    0.71
  0.48722 -0.503333      0.71
  0.48722 -0.463067      0.71
0.48722 -0.4228    0.71
  0.48722 -0.382533      0.71
  0.48722 -0.342267      0.71
0.48722  -0.302    0.71
  0.48722 -0.261733      0.71
  0.48722 -0.221467      0.71
0.48722 -0.1812    0.71
  0.48722 -0.140933      0.71
  0.48722 -0.100667      0.71
0.48722 -0.0604    0.71
   0.48722 -0.0201333       0.71
  0.48722 0.0201333      0.71
0.48722  0.0604    0.71
 0.48722 0.100667     0.71
 0.48722 0.140933     0.71
0.48722  0.1812    0.71
 0.48722 0.221467     0.71
 0.48722 0.261733     0.71
0.48722   0.302    0.71
 0.48722 0.342267     0.71
 0.48722 0.382533     0.71
0.48722  0.4228    0.71
 0.48722 0.463067     0.71
 0.48722 0.503333     0.71
0.48722  0.5436    0.71
 0.48722 0.583867     0.71
  0.50326 -0.583867      0.71
0.50326 -0.5436    0.71
  0.50326 -0.503333      0.71
  0.50326 -0.463067      0.71
0.50326 -0.4228    0.71
  0.50326 -0.382533      0.71
  0.50326 -0.342267      0.71
0.50326  -0.302    0.71
  0.50326 -0.261733      0.71
  0.50326 -0.221467      0.71
0.50326 -0.1812    0.71
  0.50326 -0.140933      0.71
  0.50326 -0.100667      0.71
0.50326 -0.0604    0.71
   0.50326 -0.0201333       0.71
  0.50326 0.0201333      0.71
0.50326  0.0604    0.71
 0.50326 0.100667     0.71
 0.50326 0.140933     0.71
0.50326  0.1812    0.71
 0.50326 0.221467     0.71
 0.50326 0.261733     0.71
0.50326   0.302    0.71
 0.50326 0.342267     0.71
 0.50326 0.382533     0.71
0.50326  0.4228    0.71
 0.50326 0.463067     0.71
 0.50326 0.503333     0.71
0.50326  0.5436    0.71
 0.50326 0.583867     0.71
   0.5193 -0.583867      0.71
 0.5193 -0.5436    0.71
   0.5193 -0.503333      0.71
   0.5193 -0.463067      0.71
 0.5193 -0.4228    0.71
   0.5193 -0.382533      0.71
   0.5193 -0.342267      0.71
0.5193 -0.302   0.71
   0.5193 -0.261733      0.71
   0.5193 -0.221467      0.71
 0.5193 -0.1812    0.71
   0.5193 -0.140933      0.71
   0.5193 -0.100667      0.71
 0.5193 -0.0604    0.71
    0.5193 -0.0201333       0.71
   0.5193 0.0201333      0.71
0.5193 0.0604   0.71
  0.5193 0.100667     0.71
  0.5193 0.140933     0.71
0.5193 0.1812   0.71
  0.5193 0.221467     0.71
  0.5193 0.261733     0.71
0.5193  0.302   0.71
  0.5193 0.342267     0.71
  0.5193 0.382533     0.71
0.5193 0.4228   0.71
  0.5193 0.463067     0.71
  0.5193 0.503333     0.71
0.5193 0.5436   0.71
  0.5193 0.583867     0.71
  0.53534 -0.583867      0.71
0.53534 -0.5436    0.71
  0.53534 -0.503333      0.71
  0.53534 -0.463067      0.71
0.53534 -0.4228    0.71
  0.53534 -0.382533      0.71
  0.53534 -0.342267      0.71
0.53534  -0.302    0.71
  0.53534 -0.261733      0.71
  0.53534 -0.221467      0.71
0.53534 -0.1812    0.71
  0.53534 -0.140933      0.71
  0.53534 -0.100667      0.71
0.53534 -0.0604    0.71
   0.53534 -0.0201333       0.71
  0.53534 0.0201333      0.71
0.53534  0.0604    0.71
 0.53534 0.100667     0.71
 0.53534 0.140933     0.71
0.53534  0.1812    0.71
 0.53534 0.221467     0.71
 0.53534 0.261733     0.71
0.53534   0.302    0.71
 0.53534 0.342267     0.71
 0.53534 0.382533     0.71
0.53534  0.4228    0.71
 0.53534 0.463067     0.71
 0.53534 0.503333     0.71
0.53534  0.5436    0.71
 0.53534 0.583867     0.71
  0.55138 -0.583867      0.71
0.55138 -0.5436    0.71
  0.55138 -0.503333      0.71
  0.55138 -0.463067      0.71
0.55138 -0.4228    0.71
  0.55138 -0.382533      0.71
  0.55138 -0.342267      0.71
0.55138  -0.302    0.71
  0.55138 -0.261733      0.71
  0.55138 -0.221467      0.71
0.55138 -0.1812    0.71
  0.55138 -0.140933      0.71
  0.55138 -0.100667      0.71
0.55138 -0.0604    0.71
   0.55138 -0.0201333       0.71
  0.55138 0.0201333      0.71
0.55138  0.0604    0.71
 0.55138 0.100667     0.71
 0.55138 0.140933     0.71
0.55138  0.1812    0.71
 0.55138 0.221467     0.71
 0.55138 0.261733     0.71
0.55138   0.302    0.71
 0.55138 0.342267     0.71
 0.55138 0.382533     0.71
0.55138  0.4228    0.71
 0.55138 0.463067     0.71
 0.55138 0.503333     0.71
0.55138  0.5436    0.71
 0.55138 0.583867     0.71
  0.56742 -0.583867      0.71
0.56742 -0.5436    0.71
  0.56742 -0.503333      0.71
  0.56742 -0.463067      0.71
0.56742 -0.4228    0.71
  0.56742 -0.382533      0.71
  0.56742 -0.342267      0.71
0.56742  -0.302    0.71
  0.56742 -0.261733      0.71
  0.56742 -0.221467      0.71
0.56742 -0.1812    0.71
  0.56742 -0.140933      0.71
  0.56742 -0.100667      0.71
0.56742 -0.0604    0.71
   0.56742 -0.0201333       0.71
  0.56742 0.0201333      0.71
0.56742  0.0604    0.71
 0.56742 0.100667     0.71
 0.56742 0.140933     0.71
0.56742  0.1812    0.71
 0.56742 0.221467     0.71
 0.56742 0.261733     0.71
0.56742   0.302    0.71
 0.56742 0.342267     0.71
 0.56742 0.382533     0.71
0.56742  0.4228    0.71
 0.56742 0.463067     0.71
 0.56742 0.503333     0.71
0.56742  0.5436    0.71
 0.56742 0.583867     0.71
  0.58346 -0.583867      0.71
0.58346 -0.5436    0.71
  0.58346 -0.503333      0.71
  0.58346 -0.463067      0.71
0.58346 -0.4228    0.71
  0.58346 -0.382533      0.71
  0.58346 -0.342267      0.71
0.58346  -0.302    0.71
  0.58346 -0.261733      0.71
  0.58346 -0.221467      0.71
0.58346 -0.1812    0.71
  0.58346 -0.140933      0.71
  0.58346 -0.100667      0.71
0.58346 -0.0604    0.71
   0.58346 -0.0201333       0.71
  0.58346 0.0201333      0.71
0.58346  0.0604    0.71
 0.58346 0.100667     0.71
 0.58346 0.140933     0.71
0.58346  0.1812    0.71
 0.58346 0.221467     0.71
 0.58346 0.261733     0.71
0.58346   0.302    0.71
 0.58346 0.342267     0.71
 0.58346 0.382533     0.71
0.58346  0.4228    0.71
 0.58346 0.463067     0.71
 0.58346 0.503333     0.71
0.58346  0.5436    0.71
 0.58346 0.583867     0.71
   0.5995 -0.583867      0.71
 0.5995 -0.5436    0.71
   0.5995 -0.503333      0.71
   0.5995 -0.463067      0.71
 0.5995 -0.4228    0.71
   0.5995 -0.382533      0.71
   0.5995 -0.342267      0.71
0.5995 -0.302   0.71
   0.5995 -0.261733      0.71
   0.5995 -0.221467      0.71
 0.5995 -0.1812    0.71
   0.5995 -0.140933      0.71
   0.5995 -0.100667      0.71
 0.5995 -0.0604    0.71
    0.5995 -0.0201333       0.71
   0.5995 0.0201333      0.71
0.5995 0.0604   0.71
  0.5995 0.100667     0.71
  0.5995 0.140933     0.71
0.5995 0.1812   0.71
  0.5995 0.221467     0.71
  0.5995 0.261733     0.71
0.5995  0.302   0.71
  0.5995 0.342267     0.71
  0.5995 0.382533     0.71
0.5995 0.4228   0.71
  0.5995 0.463067     0.71
  0.5995 0.503333     0.71
0.5995 0.5436   0.71
  0.5995 0.583867     0.71
  0.61554 -0.583867      0.71
0.61554 -0.5436    0.71
  0.61554 -0.503333      0.71
  0.61554 -0.463067      0.71
0.61554 -0.4228    0.71
  0.61554 -0.382533      0.71
  0.61554 -0.342267      0.71
0.61554  -0.302    0.71
  0.61554 -0.261733      0.71
  0.61554 -0.221467      0.71
0.61554 -0.1812    0.71
  0.61554 -0.140933      0.71
  0.61554 -0.100667      0.71
0.61554 -0.0604    0.71
   0.61554 -0.0201333       0.71
  0.61554 0.0201333      0.71
0.61554  0.0604    0.71
 0.61554 0.100667     0.71
 0.61554 0.140933     0.71
0.61554  0.1812    0.71
 0.61554 0.221467     0.71
 0.61554 0.261733     0.71
0.61554   0.302    0.71
 0.61554 0.342267     0.71
 0.61554 0.382533     0.71
0.61554  0.4228    0.71
 0.61554 0.463067     0.71
 0.61554 0.503333     0.71
0.61554  0.5436    0.71
 0.61554 0.583867     0.71
  0.63158 -0.583867      0.71
0.63158 -0.5436    0.71
  0.63158 -0.503333      0.71
  0.63158 -0.463067      0.71
0.63158 -0.4228    0.71
  0.63158 -0.382533      0.71
  0.63158 -0.342267      0.71
0.63158  -0.302    0.71
  0.63158 -0.261733      0.71
  0.63158 -0.221467      0.71
0.63158 -0.1812    0.71
  0.63158 -0.140933      0.71
  0.63158 -0.100667      0.71
0.63158 -0.0604    0.71
   0.63158 -0.0201333       0.71
  0.63158 0.0201333      0.71
0.63158  0.0604    0.71
 0.63158 0.100667     0.71
 0.63158 0.140933     0.71
0.63158  0.1812    0.71
 0.63158 0.221467     0.71
 0.63158 0.261733     0.71
0.63158   0.302    0.71
 0.63158 0.342267     0.71
 0.63158 0.382533     0.71
0.63158  0.4228    0.71
 0.63158 0.463067     0.71
 0.63158 0.503333     0.71
0.63158  0.5436    0.71
 0.63158 0.583867     0.71
  0.64762 -0.583867      0.71
0.64762 -0.5436    0.71
  0.64762 -0.503333      0.71
  0.64762 -0.463067      0.71
0.64762 -0.4228    0.71
  0.64762 -0.382533      0.71
  0.64762 -0.342267      0.71
0.64762  -0.302    0.71
  0.64762 -0.261733      0.71
  0.64762 -0.221467      0.71
0.64762 -0.1812    0.71
  0.64762 -0.140933      0.71
  0.64762 -0.100667      0.71
0.64762 -0.0604    0.71
   0.64762 -0.0201333       0.71
  0.64762 0.0201333      0.71
0.64762  0.0604    0.71
 0.64762 0.100667     0.71
 0.64762 0.140933     0.71
0.64762  0.1812    0.71
 0.64762 0.221467     0.71
 0.64762 0.261733     0.71
0.64762   0.302    0.71
 0.64762 0.342267     0.71
 0.64762 0.382533     0.71
0.64762  0.4228    0.71
 0.64762 0.463067     0.71
 0.64762 0.503333     0.71
0.64762  0.5436    0.71
 0.64762 0.583867     0.71
  0.66366 -0.583867      0.71
0.66366 -0.5436    0.71
  0.66366 -0.503333      0.71
  0.66366 -0.463067      0.71
0.66366 -0.4228    0.71
  0.66366 -0.382533      0.71
  0.66366 -0.342267      0.71
0.66366  -0.302    0.71
  0.66366 -0.261733      0.71
  0.66366 -0.221467      0.71
0.66366 -0.1812    0.71
  0.66366 -0.140933      0.71
  0.66366 -0.100667      0.71
0.66366 -0.0604    0.71
   0.66366 -0.0201333       0.71
  0.66366 0.0201333      0.71
0.66366  0.0604    0.71
 0.66366 0.100667     0.71
 0.66366 0.140933     0.71
0.66366  0.1812    0.71
 0.66366 0.221467     0.71
 0.66366 0.261733     0.71
0.66366   0.302    0.71
 0.66366 0.342267     0.71
 0.66366 0.382533     0.71
0.66366  0.4228    0.71
 0.66366 0.463067     0.71
 0.66366 0.503333     0.71
0.66366  0.5436    0.71
 0.66366 0.583867     0.71
   0.6797 -0.583867      0.71
 0.6797 -0.5436    0.71
   0.6797 -0.503333      0.71
   0.6797 -0.463067      0.71
 0.6797 -0.4228    0.71
   0.6797 -0.382533      0.71
   0.6797 -0.342267      0.71
0.6797 -0.302   0.71
   0.6797 -0.261733      0.71
   0.6797 -0.221467      0.71
 0.6797 -0.1812    0.71
   0.6797 -0.140933      0.71
   0.6797 -0.100667      0.71
 0.6797 -0.0604    0.71
    0.6797 -0.0201333       0.71
   0.6797 0.0201333      0.71
0.6797 0.0604   0.71
  0.6797 0.100667     0.71
  0.6797 0.140933     0.71
0.6797 0.1812   0.71
  0.6797 0.221467     0.71
  0.6797 0.261733     0.71
0.6797  0.302   0.71
  0.6797 0.342267     0.71
  0.6797 0.382533     0.71
0.6797 0.4228   0.71
  0.6797 0.463067     0.71
  0.6797 0.503333     0.71
0.6797 0.5436   0.71
  0.6797 0.583867     0.71
  0.69574 -0.583867      0.71
0.69574 -0.5436    0.71
  0.69574 -0.503333      0.71
  0.69574 -0.463067      0.71
0.69574 -0.4228    0.71
  0.69574 -0.382533      0.71
  0.69574 -0.342267      0.71
0.69574  -0.302    0.71
  0.69574 -0.261733      0.71
  0.69574 -0.221467      0.71
0.69574 -0.1812    0.71
  0.69574 -0.140933      0.71
  0.69574 -0.100667      0.71
0.69574 -0.0604    0.71
   0.69574 -0.0201333       0.71
  0.69574 0.0201333      0.71
0.69574  0.0604    0.71
 0.69574 0.100667     0.71
 0.69574 0.140933     0.71
0.69574  0.1812    0.71
 0.69574 0.221467     0.71
 0.69574 0.261733     0.71
0.69574   0.302    0.71
 0.69574 0.342267     0.71
 0.69574 0.382533     0.71
0.69574  0.4228    0.71
 0.69574 0.463067     0.71
 0.69574 0.503333     0.71
0.69574  0.5436    0.71
 0.69574 0.583867     0.71
  0.71178 -0.583867      0.71
0.71178 -0.5436    0.71
  0.71178 -0.503333      0.71
  0.71178 -0.463067      0.71
0.71178 -0.4228    0.71
  0.71178 -0.382533      0.71
  0.71178 -0.342267      0.71
0.71178  -0.302    0.71
  0.71178 -0.261733      0.71
  0.71178 -0.221467      0.71
0.71178 -0.1812    0.71
  0.71178 -0.140933      0.71
  0.71178 -0.100667      0.71
0.71178 -0.0604    0.71
   0.71178 -0.0201333       0.71
  0.71178 0.0201333      0.71
0.71178  0.0604    0.71
 0.71178 0.100667     0.71
 0.71178 0.140933     0.71
0.71178  0.1812    0.71
 0.71178 0.221467     0.71
 0.71178 0.261733     0.71
0.71178   0.302    0.71
 0.71178 0.342267     0.71
 0.71178 0.382533     0.71
0.71178  0.4228    0.71
 0.71178 0.463067     0.71
 0.71178 0.503333     0.71
0.71178  0.5436    0.71
 0.71178 0.583867     0.71
  0.72782 -0.583867      0.71
0.72782 -0.5436    0.71
  0.72782 -0.503333      0.71
  0.72782 -0.463067      0.71
0.72782 -0.4228    0.71
  0.72782 -0.382533      0.71
  0.72782 -0.342267      0.71
0.72782  -0.302    0.71
  0.72782 -0.261733      0.71
  0.72782 -0.221467      0.71
0.72782 -0.1812    0.71
  0.72782 -0.140933      0.71
  0.72782 -0.100667      0.71
0.72782 -0.0604    0.71
   0.72782 -0.0201333       0.71
  0.72782 0.0201333      0.71
0.72782  0.0604    0.71
 0.72782 0.100667     0.71
 0.72782 0.140933     0.71
0.72782  0.1812    0.71
 0.72782 0.221467     0.71
 0.72782 0.261733     0.71
0.72782   0.302    0.71
 0.72782 0.342267     0.71
 0.72782 0.382533     0.71
0.72782  0.4228    0.71
 0.72782 0.463067     0.71
 0.72782 0.503333     0.71
0.72782  0.5436    0.71
 0.72782 0.583867     0.71
  0.74386 -0.583867      0.71
0.74386 -0.5436    0.71
  0.74386 -0.503333      0.71
  0.74386 -0.463067      0.71
0.74386 -0.4228    0.71
  0.74386 -0.382533      0.71
  0.74386 -0.342267      0.71
0.74386  -0.302    0.71
  0.74386 -0.261733      0.71
  0.74386 -0.221467      0.71
0.74386 -0.1812    0.71
  0.74386 -0.140933      0.71
  0.74386 -0.100667      0.71
0.74386 -0.0604    0.71
   0.74386 -0.0201333       0.71
  0.74386 0.0201333      0.71
0.74386  0.0604    0.71
 0.74386 0.100667     0.71
 0.74386 0.140933     0.71
0.74386  0.1812    0.71
 0.74386 0.221467     0.71
 0.74386 0.261733     0.71
0.74386   0.302    0.71
 0.74386 0.342267     0.71
 0.74386 0.382533     0.71
0.74386  0.4228    0.71
 0.74386 0.463067     0.71
 0.74386 0.503333     0.71
0.74386  0.5436    0.71
 0.74386 0.583867     0.71
   0.7599 -0.583867      0.71
 0.7599 -0.5436    0.71
   0.7599 -0.503333      0.71
   0.7599 -0.463067      0.71
 0.7599 -0.4228    0.71
   0.7599 -0.382533      0.71
   0.7599 -0.342267      0.71
0.7599 -0.302   0.71
   0.7599 -0.261733      0.71
   0.7599 -0.221467      0.71
 0.7599 -0.1812    0.71
   0.7599 -0.140933      0.71
   0.7599 -0.100667      0.71
 0.7599 -0.0604    0.71
    0.7599 -0.0201333       0.71
   0.7599 0.0201333      0.71
0.7599 0.0604   0.71
  0.7599 0.100667     0.71
  0.7599 0.140933     0.71
0.7599 0.1812   0.71
  0.7599 0.221467     0.71
  0.7599 0.261733     0.71
0.7599  0.302   0.71
  0.7599 0.342267     0.71
  0.7599 0.382533     0.71
0.7599 0.4228   0.71
  0.7599 0.463067     0.71
  0.7599 0.503333     0.71
0.7599 0.5436   0.71
  0.7599 0.583867     0.71
  0.77594 -0.583867      0.71
0.77594 -0.5436    0.71
  0.77594 -0.503333      0.71
  0.77594 -0.463067      0.71
0.77594 -0.4228    0.71
  0.77594 -0.382533      0.71
  0.77594 -0.342267      0.71
0.77594  -0.302    0.71
  0.77594 -0.261733      0.71
  0.77594 -0.221467      0.71
0.77594 -0.1812    0.71
  0.77594 -0.140933      0.71
  0.77594 -0.100667      0.71
0.77594 -0.0604    0.71
   0.77594 -0.0201333       0.71
  0.77594 0.0201333      0.71
0.77594  0.0604    0.71
 0.77594 0.100667     0.71
 0.77594 0.140933     0.71
0.77594  0.1812    0.71
 0.77594 0.221467     0.71
 0.77594 0.261733     0.71
0.77594   0.302    0.71
 0.77594 0.342267     0.71
 0.77594 0.382533     0.71
0.77594  0.4228    0.71
 0.77594 0.463067     0.71
 0.77594 0.503333     0.71
0.77594  0.5436    0.71
 0.77594 0.583867     0.71
  0.79198 -0.583867      0.71
0.79198 -0.5436    0.71
  0.79198 -0.503333      0.71
  0.79198 -0.463067      0.71
0.79198 -0.4228    0.71
  0.79198 -0.382533      0.71
  0.79198 -0.342267      0.71
0.79198  -0.302    0.71
  0.79198 -0.261733      0.71
  0.79198 -0.221467      0.71
0.79198 -0.1812    0.71
  0.79198 -0.140933      0.71
  0.79198 -0.100667      0.71
0.79198 -0.0604    0.71
   0.79198 -0.0201333       0.71
  0.79198 0.0201333      0.71
0.79198  0.0604    0.71
 0.79198 0.100667     0.71
 0.79198 0.140933     0.71
0.79198  0.1812    0.71
 0.79198 0.221467     0.71
 0.79198 0.261733     0.71
0.79198   0.302    0.71
 0.79198 0.342267     0.71
 0.79198 0.382533     0.71
0.79198  0.4228    0.71
 0.79198 0.463067     0.71
 0.79198 0.503333     0.71
0.79198  0.5436    0.71
 0.79198 0.583867     0.71
  0.80802 -0.583867      0.71
0.80802 -0.5436    0.71
  0.80802 -0.503333      0.71
  0.80802 -0.463067      0.71
0.80802 -0.4228    0.71
  0.80802 -0.382533      0.71
  0.80802 -0.342267      0.71
0.80802  -0.302    0.71
  0.80802 -0.261733      0.71
  0.80802 -0.221467      0.71
0.80802 -0.1812    0.71
  0.80802 -0.140933      0.71
  0.80802 -0.100667      0.71
0.80802 -0.0604    0.71
   0.80802 -0.0201333       0.71
  0.80802 0.0201333      0.71
0.80802  0.0604    0.71
 0.80802 0.100667     0.71
 0.80802 0.140933     0.71
0.80802  0.1812    0.71
 0.80802 0.221467     0.71
 0.80802 0.261733     0.71
0.80802   0.302    0.71
 0.80802 0.342267     0.71
 0.80802 0.382533     0.71
0.80802  0.4228    0.71
 0.80802 0.463067     0.71
 0.80802 0.503333     0.71
0.80802  0.5436    0.71
 0.80802 0.583867     0.71
  0.82406 -0.583867      0.71
0.82406 -0.5436    0.71
  0.82406 -0.503333      0.71
  0.82406 -0.463067      0.71
0.82406 -0.4228    0.71
  0.82406 -0.382533      0.71
  0.82406 -0.342267      0.71
0.82406  -0.302    0.71
  0.82406 -0.261733      0.71
  0.82406 -0.221467      0.71
0.82406 -0.1812    0.71
  0.82406 -0.140933      0.71
  0.82406 -0.100667      0.71
0.82406 -0.0604    0.71
   0.82406 -0.0201333       0.71
  0.82406 0.0201333      0.71
0.82406  0.0604    0.71
 0.82406 0.100667     0.71
 0.82406 0.140933     0.71
0.82406  0.1812    0.71
 0.82406 0.221467     0.71
 0.82406 0.261733     0.71
0.82406   0.302    0.71
 0.82406 0.342267     0.71
 0.82406 0.382533     0.71
0.82406  0.4228    0.71
 0.82406 0.463067     0.71
 0.82406 0.503333     0.71
0.82406  0.5436    0.71
 0.82406 0.583867     0.71
   0.8401 -0.583867      0.71
 0.8401 -0.5436    0.71
   0.8401 -0.503333      0.71
   0.8401 -0.463067      0.71
 0.8401 -0.4228    0.71
   0.8401 -0.382533      0.71
   0.8401 -0.342267      0.71
0.8401 -0.302   0.71
   0.8401 -0.261733      0.71
   0.8401 -0.221467      0.71
 0.8401 -0.1812    0.71
   0.8401 -0.140933      0.71
   0.8401 -0.100667      0.71
 0.8401 -0.0604    0.71
    0.8401 -0.0201333       0.71
   0.8401 0.0201333      0.71
0.8401 0.0604   0.71
  0.8401 0.100667     0.71
  0.8401 0.140933     0.71
0.8401 0.1812   0.71
  0.8401 0.221467     0.71
  0.8401 0.261733     0.71
0.8401  0.302   0.71
  0.8401 0.342267     0.71
  0.8401 0.382533     0.71
0.8401 0.4228   0.71
  0.8401 0.463067     0.71
  0.8401 0.503333     0.71
0.8401 0.5436   0.71
  0.8401 0.583867     0.71
  0.85614 -0.583867      0.71
0.85614 -0.5436    0.71
  0.85614 -0.503333      0.71
  0.85614 -0.463067      0.71
0.85614 -0.4228    0.71
  0.85614 -0.382533      0.71
  0.85614 -0.342267      0.71
0.85614  -0.302    0.71
  0.85614 -0.261733      0.71
  0.85614 -0.221467      0.71
0.85614 -0.1812    0.71
  0.85614 -0.140933      0.71
  0.85614 -0.100667      0.71
0.85614 -0.0604    0.71
   0.85614 -0.0201333       0.71
  0.85614 0.0201333      0.71
0.85614  0.0604    0.71
 0.85614 0.100667     0.71
 0.85614 0.140933     0.71
0.85614  0.1812    0.71
 0.85614 0.221467     0.71
 0.85614 0.261733     0.71
0.85614   0.302    0.71
 0.85614 0.342267     0.71
 0.85614 0.382533     0.71
0.85614  0.4228    0.71
 0.85614 0.463067     0.71
 0.85614 0.503333     0.71
0.85614  0.5436    0.71
 0.85614 0.583867     0.71
  0.87218 -0.583867      0.71
0.87218 -0.5436    0.71
  0.87218 -0.503333      0.71
  0.87218 -0.463067      0.71
0.87218 -0.4228    0.71
  0.87218 -0.382533      0.71
  0.87218 -0.342267      0.71
0.87218  -0.302    0.71
  0.87218 -0.261733      0.71
  0.87218 -0.221467      0.71
0.87218 -0.1812    0.71
  0.87218 -0.140933      0.71
  0.87218 -0.100667      0.71
0.87218 -0.0604    0.71
   0.87218 -0.0201333       0.71
  0.87218 0.0201333      0.71
0.87218  0.0604    0.71
 0.87218 0.100667     0.71
 0.87218 0.140933     0.71
0.87218  0.1812    0.71
 0.87218 0.221467     0.71
 0.87218 0.261733     0.71
0.87218   0.302    0.71
 0.87218 0.342267     0.71
 0.87218 0.382533     0.71
0.87218  0.4228    0.71
 0.87218 0.463067     0.71
 0.87218 0.503333     0.71
0.87218  0.5436    0.71
 0.87218 0.583867     0.71
  0.88822 -0.583867      0.71
0.88822 -0.5436    0.71
  0.88822 -0.503333      0.71
  0.88822 -0.463067      0.71
0.88822 -0.4228    0.71
  0.88822 -0.382533      0.71
  0.88822 -0.342267      0.71
0.88822  -0.302    0.71
  0.88822 -0.261733      0.71
  0.88822 -0.221467      0.71
0.88822 -0.1812    0.71
  0.88822 -0.140933      0.71
  0.88822 -0.100667      0.71
0.88822 -0.0604    0.71
   0.88822 -0.0201333       0.71
  0.88822 0.0201333      0.71
0.88822  0.0604    0.71
 0.88822 0.100667     0.71
 0.88822 0.140933     0.71
0.88822  0.1812    0.71
 0.88822 0.221467     0.71
 0.88822 0.261733     0.71
0.88822   0.302    0.71
 0.88822 0.342267     0.71
 0.88822 0.382533     0.71
0.88822  0.4228    0.71
 0.88822 0.463067     0.71
 0.88822 0.503333     0.71
0.88822  0.5436    0.71
 0.88822 0.583867     0.71
  0.90426 -0.583867      0.71
0.90426 -0.5436    0.71
  0.90426 -0.503333      0.71
  0.90426 -0.463067      0.71
0.90426 -0.4228    0.71
  0.90426 -0.382533      0.71
  0.90426 -0.342267      0.71
0.90426  -0.302    0.71
  0.90426 -0.261733      0.71
  0.90426 -0.221467      0.71
0.90426 -0.1812    0.71
  0.90426 -0.140933      0.71
  0.90426 -0.100667      0.71
0.90426 -0.0604    0.71
   0.90426 -0.0201333       0.71
  0.90426 0.0201333      0.71
0.90426  0.0604    0.71
 0.90426 0.100667     0.71
 0.90426 0.140933     0.71
0.90426  0.1812    0.71
 0.90426 0.221467     0.71
 0.90426 0.261733     0.71
0.90426   0.302    0.71
 0.90426 0.342267     0.71
 0.90426 0.382533     0.71
0.90426  0.4228    0.71
 0.90426 0.463067     0.71
 0.90426 0.503333     0.71
0.90426  0.5436    0.71
 0.90426 0.583867     0.71
   0.9203 -0.583867      0.71
 0.9203 -0.5436    0.71
   0.9203 -0.503333      0.71
   0.9203 -0.463067      0.71
 0.9203 -0.4228    0.71
   0.9203 -0.382533      0.71
   0.9203 -0.342267      0.71
0.9203 -0.302   0.71
   0.9203 -0.261733      0.71
   0.9203 -0.221467      0.71
 0.9203 -0.1812    0.71
   0.9203 -0.140933      0.71
   0.9203 -0.100667      0.71
 0.9203 -0.0604    0.71
    0.9203 -0.0201333       0.71
   0.9203 0.0201333      0.71
0.9203 0.0604   0.71
  0.9203 0.100667     0.71
  0.9203 0.140933     0.71
0.9203 0.1812   0.71
  0.9203 0.221467     0.71
  0.9203 0.261733     0.71
0.9203  0.302   0.71
  0.9203 0.342267     0.71
  0.9203 0.382533     0.71
0.9203 0.4228   0.71
  0.9203 0.463067     0.71
  0.9203 0.503333     0.71
0.9203 0.5436   0.71
  0.9203 0.583867     0.71
  0.93634 -0.583867      0.71
0.93634 -0.5436    0.71
  0.93634 -0.503333      0.71
  0.93634 -0.463067      0.71
0.93634 -0.4228    0.71
  0.93634 -0.382533      0.71
  0.93634 -0.342267      0.71
0.93634  -0.302    0.71
  0.93634 -0.261733      0.71
  0.93634 -0.221467      0.71
0.93634 -0.1812    0.71
  0.93634 -0.140933      0.71
  0.93634 -0.100667      0.71
0.93634 -0.0604    0.71
   0.93634 -0.0201333       0.71
  0.93634 0.0201333      0.71
0.93634  0.0604    0.71
 0.93634 0.100667     0.71
 0.93634 0.140933     0.71
0.93634  0.1812    0.71
 0.93634 0.221467     0.71
 0.93634 0.261733     0.71
0.93634   0.302    0.71
 0.93634 0.342267     0.71
 0.93634 0.382533     0.71
0.93634  0.4228    0.71
 0.93634 0.463067     0.71
 0.93634 0.503333     0.71
0.93634  0.5436    0.71
 0.93634 0.583867     0.71
  0.95238 -0.583867      0.71
0.95238 -0.5436    0.71
  0.95238 -0.503333      0.71
  0.95238 -0.463067      0.71
0.95238 -0.4228    0.71
  0.95238 -0.382533      0.71
  0.95238 -0.342267      0.71
0.95238  -0.302    0.71
  0.95238 -0.261733      0.71
  0.95238 -0.221467      0.71
0.95238 -0.1812    0.71
  0.95238 -0.140933      0.71
  0.95238 -0.100667      0.71
0.95238 -0.0604    0.71
   0.95238 -0.0201333       0.71
  0.95238 0.0201333      0.71
0.95238  0.0604    0.71
 0.95238 0.100667     0.71
 0.95238 0.140933     0.71
0.95238  0.1812    0.71
 0.95238 0.221467     0.71
 0.95238 0.261733     0.71
0.95238   0.302    0.71
 0.95238 0.342267     0.71
 0.95238 0.382533     0.71
0.95238  0.4228    0.71
 0.95238 0.463067     0.71
 0.95238 0.503333     0.71
0.95238  0.5436    0.71
 0.95238 0.583867     0.71
  0.96842 -0.583867      0.71
0.96842 -0.5436    0.71
  0.96842 -0.503333      0.71
  0.96842 -0.463067      0.71
0.96842 -0.4228    0.71
  0.96842 -0.382533      0.71
  0.96842 -0.342267      0.71
0.96842  -0.302    0.71
  0.96842 -0.261733      0.71
  0.96842 -0.221467      0.71
0.96842 -0.1812    0.71
  0.96842 -0.140933      0.71
  0.96842 -0.100667      0.71
0.96842 -0.0604    0.71
   0.96842 -0.0201333       0.71
  0.96842 0.0201333      0.71
0.96842  0.0604    0.71
 0.96842 0.100667     0.71
 0.96842 0.140933     0.71
0.96842  0.1812    0.71
 0.96842 0.221467     0.71
 0.96842 0.261733     0.71
0.96842   0.302    0.71
 0.96842 0.342267     0.71
 0.96842 0.382533     0.71
0.96842  0.4228    0.71
 0.96842 0.463067     0.71
 0.96842 0.503333     0.71
0.96842  0.5436    0.71
 0.96842 0.583867     0.71
  0.98446 -0.583867      0.71
0.98446 -0.5436    0.71
  0.98446 -0.503333      0.71
  0.98446 -0.463067      0.71
0.98446 -0.4228    0.71
  0.98446 -0.382533      0.71
  0.98446 -0.342267      0.71
0.98446  -0.302    0.71
  0.98446 -0.261733      0.71
  0.98446 -0.221467      0.71
0.98446 -0.1812    0.71
  0.98446 -0.140933      0.71
  0.98446 -0.100667      0.71
0.98446 -0.0604    0.71
   0.98446 -0.0201333       0.71
  0.98446 0.0201333      0.71
0.98446  0.0604    0.71
 0.98446 0.100667     0.71
 0.98446 0.140933     0.71
0.98446  0.1812    0.71
 0.98446 0.221467     0.71
 0.98446 0.261733     0.71
0.98446   0.302    0.71
 0.98446 0.342267     0.71
 0.98446 0.382533     0.71
0.98446  0.4228    0.71
 0.98446 0.463067     0.71
 0.98446 0.503333     0.71
0.98446  0.5436    0.71
 0.98446 0.583867     0.71
   1.0005 -0.583867      0.71
 1.0005 -0.5436    0.71
   1.0005 -0.503333      0.71
   1.0005 -0.463067      0.71
 1.0005 -0.4228    0.71
   1.0005 -0.382533      0.71
   1.0005 -0.342267      0.71
1.0005 -0.302   0.71
   1.0005 -0.261733      0.71
   1.0005 -0.221467      0.71
 1.0005 -0.1812    0.71
   1.0005 -0.140933      0.71
   1.0005 -0.100667      0.71
 1.0005 -0.0604    0.71
    1.0005 -0.0201333       0.71
   1.0005 0.0201333      0.71
1.0005 0.0604   0.71
  1.0005 0.100667     0.71
  1.0005 0.140933     0.71
1.0005 0.1812   0.71
  1.0005 0.221467     0.71
  1.0005 0.261733     0.71
1.0005  0.302   0.71
  1.0005 0.342267     0.71
  1.0005 0.382533     0.71
1.0005 0.4228   0.71
  1.0005 0.463067     0.71
  1.0005 0.503333     0.71
1.0005 0.5436   0.71
  1.0005 0.583867     0.71
  1.01654 -0.583867      0.71
1.01654 -0.5436    0.71
  1.01654 -0.503333      0.71
  1.01654 -0.463067      0.71
1.01654 -0.4228    0.71
  1.01654 -0.382533      0.71
  1.01654 -0.342267      0.71
1.01654  -0.302    0.71
  1.01654 -0.261733      0.71
  1.01654 -0.221467      0.71
1.01654 -0.1812    0.71
  1.01654 -0.140933      0.71
  1.01654 -0.100667      0.71
1.01654 -0.0604    0.71
   1.01654 -0.0201333       0.71
  1.01654 0.0201333      0.71
1.01654  0.0604    0.71
 1.01654 0.100667     0.71
 1.01654 0.140933     0.71
1.01654  0.1812    0.71
 1.01654 0.221467     0.71
 1.01654 0.261733     0.71
1.01654   0.302    0.71
 1.01654 0.342267     0.71
 1.01654 0.382533     0.71
1.01654  0.4228    0.71
 1.01654 0.463067     0.71
 1.01654 0.503333     0.71
1.01654  0.5436    0.71
 1.01654 0.583867     0.71
  1.03258 -0.583867      0.71
1.03258 -0.5436    0.71
  1.03258 -0.503333      0.71
  1.03258 -0.463067      0.71
1.03258 -0.4228    0.71
  1.03258 -0.382533      0.71
  1.03258 -0.342267      0.71
1.03258  -0.302    0.71
  1.03258 -0.261733      0.71
  1.03258 -0.221467      0.71
1.03258 -0.1812    0.71
  1.03258 -0.140933      0.71
  1.03258 -0.100667      0.71
1.03258 -0.0604    0.71
   1.03258 -0.0201333       0.71
  1.03258 0.0201333      0.71
1.03258  0.0604    0.71
 1.03258 0.100667     0.71
 1.03258 0.140933     0.71
1.03258  0.1812    0.71
 1.03258 0.221467     0.71
 1.03258 0.261733     0.71
1.03258   0.302    0.71
 1.03258 0.342267     0.71
 1.03258 0.382533     0.71
1.03258  0.4228    0.71
 1.03258 0.463067     0.71
 1.03258 0.503333     0.71
1.03258  0.5436    0.71
 1.03258 0.583867     0.71
  1.04862 -0.583867      0.71
1.04862 -0.5436    0.71
  1.04862 -0.503333      0.71
  1.04862 -0.463067      0.71
1.04862 -0.4228    0.71
  1.04862 -0.382533      0.71
  1.04862 -0.342267      0.71
1.04862  -0.302    0.71
  1.04862 -0.261733      0.71
  1.04862 -0.221467      0.71
1.04862 -0.1812    0.71
  1.04862 -0.140933      0.71
  1.04862 -0.100667      0.71
1.04862 -0.0604    0.71
   1.04862 -0.0201333       0.71
  1.04862 0.0201333      0.71
1.04862  0.0604    0.71
 1.04862 0.100667     0.71
 1.04862 0.140933     0.71
1.04862  0.1812    0.71
 1.04862 0.221467     0.71
 1.04862 0.261733     0.71
1.04862   0.302    0.71
 1.04862 0.342267     0.71
 1.04862 0.382533     0.71
1.04862  0.4228    0.71
 1.04862 0.463067     0.71
 1.04862 0.503333     0.71
1.04862  0.5436    0.71
 1.04862 0.583867     0.71
  1.06466 -0.583867      0.71
1.06466 -0.5436    0.71
  1.06466 -0.503333      0.71
  1.06466 -0.463067      0.71
1.06466 -0.4228    0.71
  1.06466 -0.382533      0.71
  1.06466 -0.342267      0.71
1.06466  -0.302    0.71
  1.06466 -0.261733      0.71
  1.06466 -0.221467      0.71
1.06466 -0.1812    0.71
  1.06466 -0.140933      0.71
  1.06466 -0.100667      0.71
1.06466 -0.0604    0.71
   1.06466 -0.0201333       0.71
  1.06466 0.0201333      0.71
1.06466  0.0604    0.71
 1.06466 0.100667     0.71
 1.06466 0.140933     0.71
1.06466  0.1812    0.71
 1.06466 0.221467     0.71
 1.06466 0.261733     0.71
1.06466   0.302    0.71
 1.06466 0.342267     0.71
 1.06466 0.382533     0.71
1.06466  0.4228    0.71
 1.06466 0.463067     0.71
 1.06466 0.503333     0.71
1.06466  0.5436    0.71
 1.06466 0.583867     0.71
   1.0807 -0.583867      0.71
 1.0807 -0.5436    0.71
   1.0807 -0.503333      0.71
   1.0807 -0.463067      0.71
 1.0807 -0.4228    0.71
   1.0807 -0.382533      0.71
   1.0807 -0.342267      0.71
1.0807 -0.302   0.71
   1.0807 -0.261733      0.71
   1.0807 -0.221467      0.71
 1.0807 -0.1812    0.71
   1.0807 -0.140933      0.71
   1.0807 -0.100667      0.71
 1.0807 -0.0604    0.71
    1.0807 -0.0201333       0.71
   1.0807 0.0201333      0.71
1.0807 0.0604   0.71
  1.0807 0.100667     0.71
  1.0807 0.140933     0.71
1.0807 0.1812   0.71
  1.0807 0.221467     0.71
  1.0807 0.261733     0.71
1.0807  0.302   0.71
  1.0807 0.342267     0.71
  1.0807 0.382533     0.71
1.0807 0.4228   0.71
  1.0807 0.463067     0.71
  1.0807 0.503333     0.71
1.0807 0.5436   0.71
  1.0807 0.583867     0.71
  1.09674 -0.583867      0.71
1.09674 -0.5436    0.71
  1.09674 -0.503333      0.71
  1.09674 -0.463067      0.71
1.09674 -0.4228    0.71
  1.09674 -0.382533      0.71
  1.09674 -0.342267      0.71
1.09674  -0.302    0.71
  1.09674 -0.261733      0.71
  1.09674 -0.221467      0.71
1.09674 -0.1812    0.71
  1.09674 -0.140933      0.71
  1.09674 -0.100667      0.71
1.09674 -0.0604    0.71
   1.09674 -0.0201333       0.71
  1.09674 0.0201333      0.71
1.09674  0.0604    0.71
 1.09674 0.100667     0.71
 1.09674 0.140933     0.71
1.09674  0.1812    0.71
 1.09674 0.221467     0.71
 1.09674 0.261733     0.71
1.09674   0.302    0.71
 1.09674 0.342267     0.71
 1.09674 0.382533     0.71
1.09674  0.4228    0.71
 1.09674 0.463067     0.71
 1.09674 0.503333     0.71
1.09674  0.5436    0.71
 1.09674 0.583867     0.71
  1.11278 -0.583867      0.71
1.11278 -0.5436    0.71
  1.11278 -0.503333      0.71
  1.11278 -0.463067      0.71
1.11278 -0.4228    0.71
  1.11278 -0.382533      0.71
  1.11278 -0.342267      0.71
1.11278  -0.302    0.71
  1.11278 -0.261733      0.71
  1.11278 -0.221467      0.71
1.11278 -0.1812    0.71
  1.11278 -0.140933      0.71
  1.11278 -0.100667      0.71
1.11278 -0.0604    0.71
   1.11278 -0.0201333       0.71
  1.11278 0.0201333      0.71
1.11278  0.0604    0.71
 1.11278 0.100667     0.71
 1.11278 0.140933     0.71
1.11278  0.1812    0.71
 1.11278 0.221467     0.71
 1.11278 0.261733     0.71
1.11278   0.302    0.71
 1.11278 0.342267     0.71
 1.11278 0.382533     0.71
1.11278  0.4228    0.71
 1.11278 0.463067     0.71
 1.11278 0.503333     0.71
1.11278  0.5436    0.71
 1.11278 0.583867     0.71
  1.12882 -0.583867      0.71
1.12882 -0.5436    0.71
  1.12882 -0.503333      0.71
  1.12882 -0.463067      0.71
1.12882 -0.4228    0.71
  1.12882 -0.382533      0.71
  1.12882 -0.342267      0.71
1.12882  -0.302    0.71
  1.12882 -0.261733      0.71
  1.12882 -0.221467      0.71
1.12882 -0.1812    0.71
  1.12882 -0.140933      0.71
  1.12882 -0.100667      0.71
1.12882 -0.0604    0.71
   1.12882 -0.0201333       0.71
  1.12882 0.0201333      0.71
1.12882  0.0604    0.71
 1.12882 0.100667     0.71
 1.12882 0.140933     0.71
1.12882  0.1812    0.71
 1.12882 0.221467     0.71
 1.12882 0.261733     0.71
1.12882   0.302    0.71
 1.12882 0.342267     0.71
 1.12882 0.382533     0.71
1.12882  0.4228    0.71
 1.12882 0.463067     0.71
 1.12882 0.503333     0.71
1.12882  0.5436    0.71
 1.12882 0.583867     0.71
  1.14486 -0.583867      0.71
1.14486 -0.5436    0.71
  1.14486 -0.503333      0.71
  1.14486 -0.463067      0.71
1.14486 -0.4228    0.71
  1.14486 -0.382533      0.71
  1.14486 -0.342267      0.71
1.14486  -0.302    0.71
  1.14486 -0.261733      0.71
  1.14486 -0.221467      0.71
1.14486 -0.1812    0.71
  1.14486 -0.140933      0.71
  1.14486 -0.100667      0.71
1.14486 -0.0604    0.71
   1.14486 -0.0201333       0.71
  1.14486 0.0201333      0.71
1.14486  0.0604    0.71
 1.14486 0.100667     0.71
 1.14486 0.140933     0.71
1.14486  0.1812    0.71
 1.14486 0.221467     0.71
 1.14486 0.261733     0.71
1.14486   0.302    0.71
 1.14486 0.342267     0.71
 1.14486 0.382533     0.71
1.14486  0.4228    0.71
 1.14486 0.463067     0.71
 1.14486 0.503333     0.71
1.14486  0.5436    0.71
 1.14486 0.583867     0.71
   1.1609 -0.583867      0.71
 1.1609 -0.5436    0.71
   1.1609 -0.503333      0.71
   1.1609 -0.463067      0.71
 1.1609 -0.4228    0.71
   1.1609 -0.382533      0.71
   1.1609 -0.342267      0.71
1.1609 -0.302   0.71
   1.1609 -0.261733      0.71
   1.1609 -0.221467      0.71
 1.1609 -0.1812    0.71
   1.1609 -0.140933      0.71
   1.1609 -0.100667      0.71
 1.1609 -0.0604    0.71
    1.1609 -0.0201333       0.71
   1.1609 0.0201333      0.71
1.1609 0.0604   0.71
  1.1609 0.100667     0.71
  1.1609 0.140933     0.71
1.1609 0.1812   0.71
  1.1609 0.221467     0.71
  1.1609 0.261733     0.71
1.1609  0.302   0.71
  1.1609 0.342267     0.71
  1.1609 0.382533     0.71
1.1609 0.4228   0.71
  1.1609 0.463067     0.71
  1.1609 0.503333     0.71
1.1609 0.5436   0.71
  1.1609 0.583867     0.71
  1.17694 -0.583867      0.71
1.17694 -0.5436    0.71
  1.17694 -0.503333      0.71
  1.17694 -0.463067      0.71
1.17694 -0.4228    0.71
  1.17694 -0.382533      0.71
  1.17694 -0.342267      0.71
1.17694  -0.302    0.71
  1.17694 -0.261733      0.71
  1.17694 -0.221467      0.71
1.17694 -0.1812    0.71
  1.17694 -0.140933      0.71
  1.17694 -0.100667      0.71
1.17694 -0.0604    0.71
   1.17694 -0.0201333       0.71
  1.17694 0.0201333      0.71
1.17694  0.0604    0.71
 1.17694 0.100667     0.71
 1.17694 0.140933     0.71
1.17694  0.1812    0.71
 1.17694 0.221467     0.71
 1.17694 0.261733     0.71
1.17694   0.302    0.71
 1.17694 0.342267     0.71
 1.17694 0.382533     0.71
1.17694  0.4228    0.71
 1.17694 0.463067     0.71
 1.17694 0.503333     0.71
1.17694  0.5436    0.71
 1.17694 0.583867     0.71
  1.19298 -0.583867      0.71
1.19298 -0.5436    0.71
  1.19298 -0.503333      0.71
  1.19298 -0.463067      0.71
1.19298 -0.4228    0.71
  1.19298 -0.382533      0.71
  1.19298 -0.342267      0.71
1.19298  -0.302    0.71
  1.19298 -0.261733      0.71
  1.19298 -0.221467      0.71
1.19298 -0.1812    0.71
  1.19298 -0.140933      0.71
  1.19298 -0.100667      0.71
1.19298 -0.0604    0.71
   1.19298 -0.0201333       0.71
  1.19298 0.0201333      0.71
1.19298  0.0604    0.71
 1.19298 0.100667     0.71
 1.19298 0.140933     0.71
1.19298  0.1812    0.71
 1.19298 0.221467     0.71
 1.19298 0.261733     0.71
1.19298   0.302    0.71
 1.19298 0.342267     0.71
 1.19298 0.382533     0.71
1.19298  0.4228    0.71
 1.19298 0.463067     0.71
 1.19298 0.503333     0.71
1.19298  0.5436    0.71
 1.19298 0.583867     0.71
