-1.190628 0.097768
1.207659 -1.344529
0.979372 -1.096756
-0.539851 -1.309875
1.186570 1.469881
-1.467487 0.929623
1.216146 -0.736078
-1.226140 0.544508
1.350186 0.286916
1.351821 -0.085271
-0.154663 1.288587
-0.620368 0.991858
-0.514006 1.395081
0.517555 -1.127108
0.757124 0.692602
0.874737 1.315021
0.868854 -0.956301
-1.226382 -1.300511
-1.327324 0.223419
0.148587 1.025486
-0.175408 -1.080683
1.163113 0.885802
-0.447255 -0.895118
-1.148799 -1.009032
-1.071025 -1.007203
0.784532 0.943724
-1.196632 0.069196
-1.247680 -0.423509
0.602907 1.131602
-1.281711 -0.322665
0.965580 0.949798
-1.255954 -0.369167
-1.245487 -0.111961
1.459919 -0.595866
0.938399 -0.803362
1.341746 1.198724
1.458003 -0.348326
-0.371221 1.219416
-1.249498 0.372714
0.831441 -1.149306
0.175213 1.319496
1.219063 -0.495283
-1.166408 -1.082184
-1.465939 0.360218
-1.331090 1.181678
-1.143546 0.865792
-1.147421 -1.044975
0.738135 -0.754533
1.386518 -1.399403
-0.642864 0.787376
1.105797 1.130297
1.389668 0.963772
-1.463537 -1.168105
1.409636 1.039357
-1.370520 -1.117534
1.173429 -0.308138
1.478894 -1.050248
-1.278610 -0.812246
1.407908 0.660110
1.203474 1.225352
-1.363661 0.250175
1.351234 -0.113983
1.170791 1.341850
-0.133030 -1.039946
-0.108905 -1.445669
-0.439943 1.116372
0.250968 1.296355
-1.266796 0.195400
1.423184 0.589952
1.458632 1.267498
0.108289 -1.042383
-1.012149 0.709333
1.232782 1.303101
0.967612 1.276706
1.349400 -0.147482
0.677159 -1.160286
0.340246 1.454524
-0.245271 1.016694
1.298185 -1.126012
1.098192 1.262526
-1.364344 1.109689
-1.420899 0.056514
1.461828 -1.335715
-1.048749 -0.494408
-0.357327 -1.486104
1.409743 -0.499502
1.026357 -0.305494
1.014986 0.112187
-0.093921 1.259567
-1.330874 0.712504
1.094167 -0.143346
0.938703 -0.826186
1.499153 -0.142681
1.489911 -1.077429
1.334297 -0.243224
1.048942 1.244538
-1.112522 0.396793
1.362153 -1.460717
-0.814072 -0.965892
0.515102 1.383211
0.354385 -1.054012
-1.159327 -1.243951
0.514720 1.490623
0.060491 -1.298771
1.056545 0.749881
0.182814 1.194163
1.129961 -0.884581
-1.097954 -1.390351
-1.413652 -0.083799
0.360929 -1.302874
0.612239 0.826583
-1.090886 0.073171
-1.456366 -0.177712
-0.323268 -1.034279
1.212476 1.085357
-0.455234 1.338346
0.850959 -0.687766
1.087091 -1.423841
1.348562 -1.031542
-1.058780 0.647917
1.279763 0.476772
-0.023651 -1.418712
-0.725267 -0.834084
1.440098 0.515678
-0.022146 -1.440868
-0.513745 -1.187674
-0.779563 -0.964366
-1.272410 0.458238
-1.113361 -0.785452
-1.115862 -1.201676
-1.044292 -0.770483
-1.083518 0.666801
0.422624 1.067089
-0.954360 0.990660
1.190365 0.504255
-0.983040 1.189007
-0.923133 -1.460994
-1.377394 -1.243474
-0.993195 -0.876341
-0.664229 -1.420403
-0.968969 -0.955694
-1.233892 0.249125
-1.138092 -0.235726
-0.117664 1.178015
-0.880999 0.952331
-1.382064 0.270885
0.898231 -0.695809
-1.254723 -0.271765
1.120736 0.156142
1.262617 -0.191620
-1.316766 -0.616603
-0.669367 1.345360
0.918604 0.790817
0.744779 -1.079660
-0.946437 1.105404
-0.388584 1.183657
-0.393259 -1.432592
-1.389950 0.400435
-0.742689 -0.726337
0.640049 -1.081932
1.185621 1.004791
0.035032 1.453207
-1.178484 -0.984962
0.097852 -1.444828
-0.772588 1.242896
-0.692270 -1.146747
-1.439786 -0.677834
-0.517508 0.989225
-1.140714 -0.880736
1.171582 -1.467013
0.280777 -1.089343
0.537307 1.200056
0.867514 1.121670
-1.239239 0.301551
0.260523 -0.973886
0.736318 1.243236
-1.117259 -0.350584
-0.410753 -1.359102
0.437752 -1.001150
-0.431710 -1.251604
1.459546 0.309456
-1.194653 -0.633919
-1.041423 -0.432982
-0.762127 0.657138
-1.017956 -0.608635
-0.979879 0.491013
1.190296 1.310489
-1.259299 0.697716
-0.268810 -1.406451
1.447136 -0.713208
-1.163883 0.285234
-0.306433 -1.345723
1.408411 -0.010901
1.096521 0.290529
0.951216 -0.497268
-0.726292 0.812737
-0.987337 -1.180205
0.505930 -1.274587
1.288128 0.684566
0.808479 -0.760794
-0.938869 0.957307
-0.528962 0.898248
-1.155490 -0.417078
0.331860 -1.225254
-0.634108 1.251941
0.243715 -1.089544
-1.036912 1.350712
