0.06246 0.00415255 -0.0318578
0.0617151 0.0123221 -0.0300589
0.071973 0.02102 -0.0334967
0.162816 0.115721 -0.0548932
0.0351824 0.0322352 -0.00847009
0.00400288 0.0301413 0.0123878
-0.0371706 0.0760746 0.0659159
-0.0210712 0.0190458 0.0260211
-0.125704 0.0887119 0.144022
-0.0431379 0.0214474 0.046506
-0.0220561 0.00357477 0.0216995
-0.0707805 -0.00345732 0.0657667
-0.301966 -0.0470033 0.274499
-0.0224961 -0.00369486 0.0204718
-0.00676777 -0.124704 0.0229738
0.0135702 -0.0213694 -0.00730161
0.0909555 -0.114479 -0.0526557
0.0501625 -0.0473963 -0.0296427
0.059485 -0.0436546 -0.0350027
0.0388272 -0.0186887 -0.0221474
