   0.271277 -0.00076709    0.610472
 0.272639 0.0690486  0.608072
 0.267897 0.0904428  0.619396
0.268175  0.12602 0.620005
  0.280749 -0.0660785   0.605849
  0.28643 -0.108728  0.590822
 0.272621 0.0845614  0.615842
 0.271491 0.0705116  0.621875
0.287333 -0.13053  0.57746
 0.270966 0.0484457  0.607523
  0.269255 -0.0195471   0.596789
 0.257478 0.0290193  0.593746
  0.274986 -0.0350946   0.611447
  0.273087 -0.0160652   0.614132
  0.282027 -0.0674806   0.603844
0.273488 0.065423 0.608139
0.266646 0.134246 0.614214
0.271296 0.104346  0.60781
0.266284 0.127889 0.618204
 0.251441 0.0685158  0.588707
0.272508 0.084179 0.608898
 0.274156 0.0318344  0.609052
 0.285774 -0.119188  0.582736
  0.284157 -0.0995782   0.595398
  0.279747 -0.0144866   0.607762
  0.280274 -0.0415804   0.599499
   0.275379 0.000769096    0.615753
 0.272641 0.0322411  0.608894
  0.283481 -0.0621915   0.602936
0.268948 0.113952  0.62151
 0.275145 0.0476258   0.60784
  0.281981 -0.0844668   0.592207
  0.272852 -0.0259039   0.607782
 0.275086 0.0619433  0.614488
0.267172 0.150505 0.612878
  0.281908 -0.0871374   0.598689
  0.26187 0.0701336  0.601909
 0.277513 0.0372498  0.613557
  0.281236 -0.0840688   0.587106
  0.278653 0.00521009   0.607519
  0.279614 -0.0244874   0.607929
 0.265055 0.0064331  0.602747
 0.285464 -0.125312  0.578528
 0.271328 0.0124759  0.609521
  0.276756 -0.0541519   0.608762
 0.273064 0.0270021  0.608589
0.271394 0.104316 0.607466
   0.28145 -0.0810487   0.589248
 0.277741 0.0217697  0.614591
  0.276979 -0.0400411   0.611472
 0.262927 0.0278267  0.600558
 0.271554 0.0406822    0.6209
   0.27888 0.00654496   0.610576
 0.269185 0.0613054   0.61799
  0.279502 -0.0549001   0.607596
  0.270814 0.00420041   0.610917
  0.281937 -0.0786481   0.594922
  0.281585 -0.0673826   0.596573
 0.266517 0.0996966  0.605782
  0.25425 0.0318022  0.593336
   0.277062 -0.00477963    0.610187
 0.276162 0.0109977  0.610175
 0.280289 -0.078305  0.590978
  0.283857 -0.0783836   0.601078
   0.275695 3.64158e-05    0.611279
  0.283906 -0.0932702   0.597214
   0.268972 -0.00312005     0.60312
 0.286889 -0.132649  0.576059
  0.280255 -0.0703261   0.604056
  0.279954 -0.0301353    0.60275
  0.271804 0.00857623   0.611061
 0.270622 0.0413979  0.607723
  0.280095 -0.0363794   0.602109
 0.273516 0.0454748  0.608388
 0.277974 0.0339435  0.611943
  0.274764 0.00605747   0.611567
  0.281038 -0.0692387   0.604665
   0.27274 -0.0217515   0.607312
  0.273262 -0.0163955   0.612663
  0.283543 -0.0868754   0.599043
 0.270784 0.0379337  0.608061
   0.272662 -0.00125226    0.613981
  0.281546 -0.0677236   0.596939
0.267084 0.122587 0.621359
  0.278095 -0.0678708    0.59873
 0.277651 0.0265702  0.609825
0.268354 0.116177 0.622658
  0.27115 0.0488083  0.620941
 0.273785 0.0653468   0.62091
  0.278439 0.00702562     0.6081
 0.272206 0.0577665  0.607223
 0.273411 0.0516229  0.620674
  0.280163 -0.0113939   0.608566
 0.275656 0.0403367  0.617711
0.269402 0.110939 0.621191
0.266916 0.140785 0.616922
  0.282691 -0.0596189   0.604248
 0.279643 0.0161709   0.60972
0.269821  0.10717 0.620104
 0.269357 0.0714756   0.61701
 0.275581 0.0478052  0.613886
 0.253859 0.0433299  0.595844
 0.273865 0.0521195  0.618617
   0.275217 -0.00499505    0.612377
  0.283205 -0.0945854   0.597481
0.270449 0.104422 0.615803
0.266831  0.14759 0.614537
 0.272236 0.0281627  0.619512
 0.285738 -0.118839  0.581861
  0.281847 -0.0844606   0.599508
  0.279372 0.00638093   0.608924
0.273263 0.070474 0.608574
  0.284242 -0.0953966   0.596467
  0.282388 -0.0614114   0.604749
  0.27546 0.0211772  0.617367
 0.273336 0.0802368  0.620581
  0.25523 0.0578809  0.594162
 0.270694 0.0734834  0.607384
0.267145 0.138304 0.617379
0.273469 0.056812 0.607623
   0.275836 -0.00224409    0.614467
  0.278802 -0.0392601   0.609952
0.271273 0.014353 0.608763
  0.27551 0.0344396  0.608316
  0.267155 0.00633933   0.600231
  0.28615 -0.108433  0.590439
 0.270316 0.0584583  0.620842
 0.279634 -0.021397  0.608014
  0.280997 -0.0518082   0.600912
  0.282079 -0.0804968   0.595317
  0.280136 -0.0236607   0.606094
 0.286502 -0.110464  0.590369
  0.28079 -0.041807  0.606522
0.272044 0.007236 0.613768
  0.279505 0.00252694   0.609136
 0.275041 0.0090096  0.611212
  0.278398 -0.0616598   0.605793
 0.273638 0.0887236   0.61159
 0.273009 0.0565026  0.620721
 0.278093 0.0348154  0.611541
   0.28426 -0.0789051   0.598574
  0.281812 -0.0744498   0.602554
 0.280111 -0.011299  0.608598
 0.275522 0.0328637  0.608275
   0.279288 -0.00592053    0.609071
0.266449   0.1394  0.61274
   0.279488 -0.00556684    0.608534
  0.27892 0.0105587  0.607391
 0.284338 -0.068019    0.6019
  0.281107 -0.0581473    0.60046
  0.275987 -0.0174575    0.61256
  0.281432 -0.0661885   0.599104
 0.275999 0.0356286  0.617678
 0.277787 0.0289247  0.612841
 0.269407 0.0527759  0.619158
  0.276435 0.00932427     0.6101
 0.270065 0.0214703  0.602924
 0.260714 0.0975951  0.600836
0.267039 0.129487 0.619756
 0.267686 0.0938757  0.619508
  0.274931 -0.0355934   0.612467
  0.279621 0.00720889   0.609216
  0.285689 -0.0921965   0.595658
 0.278224 0.0226784   0.61228
   0.27758 -0.0647605   0.591242
 0.273376 0.0224265   0.60794
 0.275193 -0.006387   0.61245
0.267082 0.134164 0.618715
 0.270027 0.0369381  0.604905
  0.284488 -0.0792314   0.598277
0.273231 0.083835 0.617907
0.266984 0.102494 0.618961
  0.26907 0.0824178  0.606197
 0.277401 0.0323291  0.613433
0.260509 0.097892 0.600579
 0.279539 0.0199772  0.609816
   0.28115 -0.0555837   0.600627
  0.280941 -0.0806109   0.597339
  0.281378 -0.0758428    0.59173
  0.282258 -0.0860793   0.593492
0.260025 0.035521 0.594945
  0.281253 -0.0692779   0.592877
  0.273063 -0.0354259   0.595241
0.268171 0.125993 0.612322
 0.277243 0.0325112  0.613698
 0.256308 0.0637657  0.592775
  0.283139 -0.0559961   0.605206
 0.250744 0.0756561  0.588276
0.273477  0.03902 0.620062
  0.280749 -0.0473572   0.602482
0.265747 0.104669 0.605605
  0.279399 0.00809076   0.609191
 0.272117 0.0998082  0.617466
0.270633  0.11472  0.60856
 0.274059 0.0630559  0.608568
 0.256827 0.0929632  0.597835
0.279176 -0.01303 0.608152
0.284987 -0.10176  0.59434
  0.280256 -0.0420099   0.608157
 0.287216 -0.125252  0.581907
0.271613 0.100799 0.607613
 0.264456 0.0234505  0.602523
 0.272731 0.0538324  0.607605
  0.27065 0.0828832  0.621685
 0.278497 0.0108399   0.60815
  0.279477 -0.0616916   0.607264
   0.273438 -0.00423358    0.615007
  0.280869 -0.0462739   0.602064
  0.283447 -0.0970088   0.595097
 0.275728 0.0417687  0.616136
  0.280996 -0.0405811   0.607048
0.266435 0.134958 0.614515
  0.280597 -0.0354747    0.60329
 0.273806 0.0780139  0.620665
0.269769 0.121265 0.619196
0.271886 0.029512 0.619659
 0.261692 0.0411578  0.600761
  0.283517 -0.0957141   0.585656
 0.269848 0.0664649  0.621618
 0.272036 0.0925173  0.621064
   0.28108 -0.0493182   0.603958
  0.278689 -0.0688222   0.602222
 0.267963 0.0112898  0.601428
 0.270412 0.0976672  0.607493
  0.284157 -0.0909574   0.597606
 0.260304 0.0568696  0.596155
0.267797 0.134319 0.616372
0.268516 0.125073 0.620719
   0.268717 -0.00645722    0.602525
  0.27283 0.0250023  0.619417
 0.285114 -0.121836  0.580306
 0.275084 0.0377775  0.608496
  0.274459 -0.0326943   0.609296
   0.27725 -0.0574686   0.604843
  0.26699 0.0806166  0.605526
 0.282101 -0.089152  0.590502
0.268352 0.125218 0.620316
   0.271107 -0.00229165    0.608489
  0.278269 -0.0318682    0.61004
0.268672 0.118931 0.621891
 0.278259 0.0193757  0.608767
 0.275664 0.0406482  0.618257
 0.275392 0.0560549  0.618155
  0.27342 0.0733273  0.621143
  0.283138 -0.0541683   0.605309
  0.275916 -0.0283761   0.612594
 0.274427 0.0359348  0.618766
  0.27186 0.0958356   0.62088
 0.273557 0.0539353  0.608011
0.269015 0.104663 0.620434
 0.278095 0.0285088  0.612885
  0.27108 0.0367633  0.608453
  0.273373 -0.0115997   0.613274
 0.269172 0.0788496  0.616824
   0.270395 -0.00921671    0.606958
 0.273881 0.0854992  0.620166
 0.269784 0.0890408  0.620947
0.269174 0.117124 0.616706
0.269595 0.075206 0.621837
  0.281365 -0.0759065   0.591414
   0.279037 0.000408429    0.610087
0.267671 0.122119 0.614594
 0.257706 0.0506757  0.596763
  0.27809 0.0284616  0.612096
 0.273256 0.0697211  0.611131
 0.273068 0.0831987  0.614975
0.267194 0.143233 0.615777
0.270682 0.111761 0.608255
  0.281166 -0.0671768     0.5933
0.267607 0.122144 0.620936
 0.265588 0.0855004  0.604923
 0.271325 0.0748081  0.621688
  0.281932 -0.0801386   0.601215
  0.279984 -0.0164747   0.608292
  0.279239 -0.0513299   0.608003
  0.283474 -0.0830061    0.60039
  0.265243 0.00376874   0.600724
   0.280205 -0.00502351    0.609184
    0.2793 0.00733242   0.610836
 0.274001 0.0733956  0.620376
  0.283138 -0.0962501   0.596264
0.275046 0.051123 0.617734
0.275118 0.031464 0.617264
 0.283851 -0.094419  0.588527
  0.282093 -0.0854988   0.595088
   0.27917 -0.0035152   0.607638
 0.274571 0.0303233  0.618428
  0.281106 -0.0667476   0.593669
 0.274729 0.0685667   0.62047
  0.279742 -0.0201019    0.60662
 0.270871 0.0526938  0.620398
  0.275031 0.00138315    0.61628
 0.275051 0.0400859  0.618046
  0.27783 0.0219493  0.614258
 0.273955 0.0250999  0.609121
  0.276331 -0.0396398   0.612272
  0.281347 -0.0461849   0.604797
   0.27841 -0.0694522   0.596463
0.272502 0.100299 0.618854
0.270628 0.117086 0.619228
  0.281656 -0.0680053   0.598665
 0.278649 -0.027106  0.609233
 0.264771 0.0811959  0.603037
 0.272524 0.0935304  0.609785
0.267227  0.13926 0.616418
  0.280412 -0.0109733   0.608183
 0.262762 0.0467524   0.59989
   0.28344 -0.0845719    0.59991
   0.279852 -0.00599996    0.609266
0.267072 0.128256 0.620174
 0.270223 0.0411072  0.618895
 0.275944 0.0428477   0.61227
 0.285471 -0.125443  0.577841
  0.283585 -0.0958251   0.593139
  0.281153 -0.0321117   0.605977
 0.253456 0.0692154  0.589635
0.269478 0.118412 0.607381
 0.274621 0.0186725  0.609814
  0.279009 0.00295301   0.606762
  0.281869 -0.0795212   0.601417
0.266761 0.041888 0.602974
 0.270967 0.0132321  0.608753
  0.279135 0.00769145   0.610694
  0.280469 -0.0073226   0.607315
 0.275659 0.0382653  0.618066
  0.279468 -0.0438457   0.609244
 0.274038 0.0632013   0.60879
  0.279397 0.00248722     0.6105
  0.274239 -0.0252751   0.614871
 0.253177 0.0480438  0.594199
   0.271854 -0.00294271     0.61299
 0.269948 0.0410134  0.618225
 0.279308 -0.035724  0.609243
  0.280699 -0.0446992   0.604519
 0.257163 0.0286363  0.593537
  0.284389 -0.0757823   0.600668
