 0.623954 -0.274119      0.71   0.73103 -0.185098      0.71
   0.62036 -0.0786162       0.71   0.73103 -0.185098      0.71
 0.870101 0.0658321      0.71   0.73103 -0.185098      0.71
 0.736786 0.0882636      0.71   0.73103 -0.185098      0.71
 0.751711 -0.372217      0.71   0.73103 -0.185098      0.71
  0.83117 -0.440213      0.71   0.73103 -0.185098      0.71
  0.669699 -0.0294437       0.71   0.73103 -0.185098      0.71
  0.810264 -0.0120531       0.71   0.73103 -0.185098      0.71
 0.777159 -0.582364      0.71   0.73103 -0.185098      0.71
 0.607195 -0.161334      0.71   0.73103 -0.185098      0.71
 0.599274 -0.366247      0.71   0.73103 -0.185098      0.71
 0.494833 -0.256086      0.71   0.73103 -0.185098      0.71
 0.674638 -0.339753      0.71   0.73103 -0.185098      0.71
 0.653183 -0.298387      0.71   0.73103 -0.185098      0.71
 0.772945 -0.341678      0.71   0.73103 -0.185098      0.71
  0.625754 -0.0980829       0.71   0.73103 -0.185098      0.71
0.878664 0.126626     0.71   0.73103 -0.185098      0.71
 0.630474 0.0156055      0.71   0.73103 -0.185098      0.71
 0.84287 0.113692     0.71   0.73103 -0.185098      0.71
   0.4605 -0.157518      0.71   0.73103 -0.185098      0.71
  0.631829 -0.0263516       0.71   0.73103 -0.185098      0.71
 0.632395 -0.182175      0.71   0.73103 -0.185098      0.71
 0.763418 -0.558464      0.71   0.73103 -0.185098      0.71
 0.782712 -0.465566      0.71   0.73103 -0.185098      0.71
 0.818628 -0.208991      0.71   0.73103 -0.185098      0.71
 0.938366 -0.188409      0.71   0.73103 -0.185098      0.71
 0.839443 -0.130814      0.71   0.73103 -0.185098      0.71
 0.621024 -0.186735      0.71   0.73103 -0.185098      0.71
 0.808404 -0.308185      0.71   0.73103 -0.185098      0.71
 0.772384 0.0639628      0.71   0.73103 -0.185098      0.71
 0.636211 -0.137337      0.71   0.73103 -0.185098      0.71
 0.722564 -0.483906      0.71   0.73103 -0.185098      0.71
  0.64168 -0.345653      0.71   0.73103 -0.185098      0.71
  0.668592 -0.0689667       0.71   0.73103 -0.185098      0.71
0.847968 0.153321     0.71   0.73103 -0.185098      0.71
 0.755475 -0.451221      0.71   0.73103 -0.185098      0.71
 0.546198 -0.139514      0.71   0.73103 -0.185098      0.71
  0.710977 -0.0997429       0.71   0.73103 -0.185098      0.71
 0.702827 -0.504327      0.71   0.73103 -0.185098      0.71
 0.698898 -0.199132      0.71   0.73103 -0.185098      0.71
 0.786974 -0.227265      0.71   0.73103 -0.185098      0.71
 0.554448 -0.294167      0.71   0.73103 -0.185098      0.71
 0.742773 -0.593764      0.71   0.73103 -0.185098      0.71
 0.612144 -0.236177      0.71   0.73103 -0.185098      0.71
 0.702011 -0.387377      0.71   0.73103 -0.185098      0.71
0.624211 -0.19654     0.71   0.73103 -0.185098      0.71
 0.628137 0.0142175      0.71   0.73103 -0.185098      0.71
 0.953462 -0.279112      0.71   0.73103 -0.185098      0.71
 0.782069 -0.108082      0.71   0.73103 -0.185098      0.71
 0.701464 -0.336055      0.71   0.73103 -0.185098      0.71
 0.533851 -0.234355      0.71   0.73103 -0.185098      0.71
  0.846192 -0.0537944       0.71   0.73103 -0.185098      0.71
 0.821395 -0.157433      0.71   0.73103 -0.185098      0.71
  0.89308 0.0209673      0.71   0.73103 -0.185098      0.71
 0.744308 -0.330818      0.71   0.73103 -0.185098      0.71
 0.613876 -0.265624      0.71   0.73103 -0.185098      0.71
 0.887696 -0.316729      0.71   0.73103 -0.185098      0.71
 0.892593 -0.292776      0.71   0.73103 -0.185098      0.71
  0.582645 -0.0179196       0.71   0.73103 -0.185098      0.71
 0.462169 -0.236024      0.71   0.73103 -0.185098      0.71
 0.678214 -0.243272      0.71   0.73103 -0.185098      0.71
 0.667509 -0.209225      0.71   0.73103 -0.185098      0.71
 0.703821 -0.481696      0.71   0.73103 -0.185098      0.71
 0.807397 -0.359263      0.71   0.73103 -0.185098      0.71
  0.66803 -0.237542      0.71   0.73103 -0.185098      0.71
0.791949  -0.4292     0.71   0.73103 -0.185098      0.71
  0.59754 -0.310763      0.71   0.73103 -0.185098      0.71
 0.767524 -0.597713      0.71   0.73103 -0.185098      0.71
 0.746705 -0.399186      0.71   0.73103 -0.185098      0.71
  0.91788 -0.189662      0.71   0.73103 -0.185098      0.71
0.622814 -0.24374     0.71   0.73103 -0.185098      0.71
 0.605919 -0.176135      0.71   0.73103 -0.185098      0.71
 0.917662 -0.209484      0.71   0.73103 -0.185098      0.71
 0.623723 -0.157386      0.71   0.73103 -0.185098      0.71
 0.716951 -0.123778      0.71   0.73103 -0.185098      0.71
  0.65837 -0.226615      0.71   0.73103 -0.185098      0.71
 0.765364 -0.362719      0.71   0.73103 -0.185098      0.71
 0.639201 -0.336959      0.71   0.73103 -0.185098      0.71
 0.900283 -0.138331      0.71   0.73103 -0.185098      0.71
 0.798447 -0.400724      0.71   0.73103 -0.185098      0.71
 0.606603 -0.182582      0.71   0.73103 -0.185098      0.71
 0.642075 -0.255695      0.71   0.73103 -0.185098      0.71
 0.889065 -0.292728      0.71   0.73103 -0.185098      0.71
0.757674  0.09788     0.71   0.73103 -0.185098      0.71
 0.699234 -0.450847      0.71   0.73103 -0.185098      0.71
  0.68473 -0.159265      0.71   0.73103 -0.185098      0.71
 0.781617 0.0837003      0.71   0.73103 -0.185098      0.71
  0.846306 -0.0382417       0.71   0.73103 -0.185098      0.71
   0.78191 -0.0332138       0.71   0.73103 -0.185098      0.71
  0.69765 -0.193359      0.71   0.73103 -0.185098      0.71
 0.611974 -0.136603      0.71   0.73103 -0.185098      0.71
  0.814542 -0.0480523       0.71   0.73103 -0.185098      0.71
 0.838428 -0.190886      0.71   0.73103 -0.185098      0.71
  0.760672 -0.0807729       0.71   0.73103 -0.185098      0.71
0.795594 0.067108     0.71   0.73103 -0.185098      0.71
0.823314 0.125181     0.71   0.73103 -0.185098      0.71
 0.800297 -0.307773      0.71   0.73103 -0.185098      0.71
 0.768443 -0.151568      0.71   0.73103 -0.185098      0.71
 0.795495 0.0555576      0.71   0.73103 -0.185098      0.71
0.892372 0.038832     0.71   0.73103 -0.185098      0.71
 0.667581 -0.122138      0.71   0.73103 -0.185098      0.71
 0.470367 -0.216262      0.71   0.73103 -0.185098      0.71
  0.791623 -0.0557283       0.71   0.73103 -0.185098      0.71
 0.666483 -0.250885      0.71   0.73103 -0.185098      0.71
 0.775607 -0.453776      0.71   0.73103 -0.185098      0.71
 0.679152 0.0390699      0.71   0.73103 -0.185098      0.71
0.829957 0.138222     0.71   0.73103 -0.185098      0.71
   0.85721 -0.0718561       0.71   0.73103 -0.185098      0.71
 0.757306 -0.563024      0.71   0.73103 -0.185098      0.71
0.756266 -0.44077     0.71   0.73103 -0.185098      0.71
 0.715941 -0.182982      0.71   0.73103 -0.185098      0.71
  0.629296 -0.0597307       0.71   0.73103 -0.185098      0.71
 0.795989 -0.432879      0.71   0.73103 -0.185098      0.71
 0.767787 -0.329275      0.71   0.73103 -0.185098      0.71
 0.799126 -0.106794      0.71   0.73103 -0.185098      0.71
   0.75269 -0.0242276       0.71   0.73103 -0.185098      0.71
 0.484207 -0.177826      0.71   0.73103 -0.185098      0.71
  0.606419 -0.0821132       0.71   0.73103 -0.185098      0.71
0.818198 0.121194     0.71   0.73103 -0.185098      0.71
 0.620795 -0.126714      0.71   0.73103 -0.185098      0.71
 0.843714 -0.135173      0.71   0.73103 -0.185098      0.71
 0.714913 -0.305844      0.71   0.73103 -0.185098      0.71
 0.609272 -0.232677      0.71   0.73103 -0.185098      0.71
 0.642534 -0.171567      0.71   0.73103 -0.185098      0.71
 0.578967 -0.295423      0.71   0.73103 -0.185098      0.71
 0.809043 -0.471159      0.71   0.73103 -0.185098      0.71
  0.846515 -0.0153247       0.71   0.73103 -0.185098      0.71
 0.776367 -0.227502      0.71   0.73103 -0.185098      0.71
 0.877928 -0.259373      0.71   0.73103 -0.185098      0.71
 0.880659 -0.320393      0.71   0.73103 -0.185098      0.71
 0.851228 -0.216212      0.71   0.73103 -0.185098      0.71
 0.828089 -0.450088      0.71   0.73103 -0.185098      0.71
 0.798627 -0.264118      0.71   0.73103 -0.185098      0.71
  0.907693 -0.0869996       0.71   0.73103 -0.185098      0.71
 0.750489 -0.184295      0.71   0.73103 -0.185098      0.71
 0.659017 -0.219918      0.71   0.73103 -0.185098      0.71
 0.714438 -0.405327      0.71   0.73103 -0.185098      0.71
  0.657818 0.00526839       0.71   0.73103 -0.185098      0.71
  0.800357 -0.0435066       0.71   0.73103 -0.185098      0.71
 0.725826 -0.115863      0.71   0.73103 -0.185098      0.71
 0.840848 -0.338979      0.71   0.73103 -0.185098      0.71
0.785151 -0.35427     0.71   0.73103 -0.185098      0.71
 0.836847 -0.191835      0.71   0.73103 -0.185098      0.71
 0.641525 -0.177455      0.71   0.73103 -0.185098      0.71
 0.747493 -0.201374      0.71   0.73103 -0.185098      0.71
0.887668 0.136053     0.71   0.73103 -0.185098      0.71
 0.774591 -0.199566      0.71   0.73103 -0.185098      0.71
 0.688117 -0.196735      0.71   0.73103 -0.185098      0.71
 0.813309 -0.327576      0.71   0.73103 -0.185098      0.71
 0.867101 -0.276059      0.71   0.73103 -0.185098      0.71
 0.681078 -0.272474      0.71   0.73103 -0.185098      0.71
 0.865882 -0.292369      0.71   0.73103 -0.185098      0.71
  0.769471 -0.0844107       0.71   0.73103 -0.185098      0.71
 0.716237 -0.144606      0.71   0.73103 -0.185098      0.71
  0.885383 0.00422537       0.71   0.73103 -0.185098      0.71
 0.669782 -0.211735      0.71   0.73103 -0.185098      0.71
 0.587681 -0.225819      0.71   0.73103 -0.185098      0.71
  0.536823 -0.0785275       0.71   0.73103 -0.185098      0.71
 0.76147 0.114683     0.71   0.73103 -0.185098      0.71
  0.86768 0.0710855      0.71   0.73103 -0.185098      0.71
 0.678682 -0.336968      0.71   0.73103 -0.185098      0.71
 0.754366 -0.173974      0.71   0.73103 -0.185098      0.71
 0.846923 -0.380987      0.71   0.73103 -0.185098      0.71
0.718341 -0.15449     0.71   0.73103 -0.185098      0.71
 0.670592 -0.469144      0.71   0.73103 -0.185098      0.71
 0.625586 -0.205993      0.71   0.73103 -0.185098      0.71
  0.66629 -0.253437      0.71   0.73103 -0.185098      0.71
0.800324 0.117554     0.71   0.73103 -0.185098      0.71
 0.595192 -0.188641      0.71   0.73103 -0.185098      0.71
 0.846601 -0.335766      0.71   0.73103 -0.185098      0.71
  0.692829 -0.0264775       0.71   0.73103 -0.185098      0.71
 0.867947 0.0829435      0.71   0.73103 -0.185098      0.71
  0.594472 -0.0410616       0.71   0.73103 -0.185098      0.71
 0.713468 -0.138304      0.71   0.73103 -0.185098      0.71
  0.536065 -0.0713528       0.71   0.73103 -0.185098      0.71
 0.753474 -0.145353      0.71   0.73103 -0.185098      0.71
 0.874251 -0.268047      0.71   0.73103 -0.185098      0.71
 0.726964 -0.464854      0.71   0.73103 -0.185098      0.71
  0.93338 -0.283318      0.71   0.73103 -0.185098      0.71
 0.729621 -0.482267      0.71   0.73103 -0.185098      0.71
 0.513634 -0.229113      0.71   0.73103 -0.185098      0.71
 0.938756 -0.266204      0.71   0.73103 -0.185098      0.71
 0.626983 -0.406889      0.71   0.73103 -0.185098      0.71
 0.656415 0.0612184      0.71   0.73103 -0.185098      0.71
 0.712133 -0.139324      0.71   0.73103 -0.185098      0.71
 0.494863 -0.164649      0.71   0.73103 -0.185098      0.71
 0.781878 -0.306115      0.71   0.73103 -0.185098      0.71
 0.459015 -0.144527      0.71   0.73103 -0.185098      0.71
  0.822428 -0.0664425       0.71   0.73103 -0.185098      0.71
 0.867583 -0.256057      0.71   0.73103 -0.185098      0.71
   0.57972 -0.0118678       0.71   0.73103 -0.185098      0.71
 0.748384 -0.173301      0.71   0.73103 -0.185098      0.71
   0.706344 0.000437236        0.71   0.73103 -0.185098      0.71
 0.642201 0.0376167      0.71   0.73103 -0.185098      0.71
  0.632899 -0.0948898       0.71   0.73103 -0.185098      0.71
0.517376 -0.11018     0.71   0.73103 -0.185098      0.71
 0.705882 -0.239181      0.71   0.73103 -0.185098      0.71
 0.795434 -0.459779      0.71   0.73103 -0.185098      0.71
 0.728743 -0.298039      0.71   0.73103 -0.185098      0.71
 0.793055 -0.551194      0.71   0.73103 -0.185098      0.71
  0.622127 0.00363698       0.71   0.73103 -0.185098      0.71
 0.556306 -0.245127      0.71   0.73103 -0.185098      0.71
 0.615715 -0.143172      0.71   0.73103 -0.185098      0.71
0.804882  0.00684     0.71   0.73103 -0.185098      0.71
 0.693383 -0.187447      0.71   0.73103 -0.185098      0.71
 0.740032 -0.369798      0.71   0.73103 -0.185098      0.71
 0.881004 -0.121775      0.71   0.73103 -0.185098      0.71
 0.877223 -0.248457      0.71   0.73103 -0.185098      0.71
 0.767976 -0.474391      0.71   0.73103 -0.185098      0.71
 0.699355 -0.122804      0.71   0.73103 -0.185098      0.71
 0.745828 -0.280799      0.71   0.73103 -0.185098      0.71
 0.87288 0.128833     0.71   0.73103 -0.185098      0.71
 0.879372 -0.228105      0.71   0.73103 -0.185098      0.71
  0.747446 -0.0251301       0.71   0.73103 -0.185098      0.71
   0.7375 0.0513615      0.71   0.73103 -0.185098      0.71
  0.859701 -0.0679397       0.71   0.73103 -0.185098      0.71
 0.530666 -0.204855      0.71   0.73103 -0.185098      0.71
 0.720604 -0.526507      0.71   0.73103 -0.185098      0.71
   0.833007 -0.00692205        0.71   0.73103 -0.185098      0.71
 0.78304 0.013589     0.71   0.73103 -0.185098      0.71
 0.836912 -0.262702      0.71   0.73103 -0.185098      0.71
 0.715584 -0.432828      0.71   0.73103 -0.185098      0.71
 0.587205 -0.273849      0.71   0.73103 -0.185098      0.71
  0.611452 -0.0047842       0.71   0.73103 -0.185098      0.71
 0.81188 -0.39709     0.71   0.73103 -0.185098      0.71
0.521529 -0.17264     0.71   0.73103 -0.185098      0.71
 0.701756 0.0777164      0.71   0.73103 -0.185098      0.71
 0.750526 0.0887562      0.71   0.73103 -0.185098      0.71
 0.597014 -0.324076      0.71   0.73103 -0.185098      0.71
  0.846045 -0.0810785       0.71   0.73103 -0.185098      0.71
 0.747294 -0.581106      0.71   0.73103 -0.185098      0.71
 0.639298 -0.162925      0.71   0.73103 -0.185098      0.71
 0.664034 -0.347228      0.71   0.73103 -0.185098      0.71
 0.695581 -0.412334      0.71   0.73103 -0.185098      0.71
  0.578462 -0.0593058       0.71   0.73103 -0.185098      0.71
 0.916801 -0.324384      0.71   0.73103 -0.185098      0.71
 0.742897 0.0916476      0.71   0.73103 -0.185098      0.71
 0.615597 -0.283192      0.71   0.73103 -0.185098      0.71
 0.707811 -0.291625      0.71   0.73103 -0.185098      0.71
 0.765252 0.0783129      0.71   0.73103 -0.185098      0.71
   0.6894 -0.172711      0.71   0.73103 -0.185098      0.71
  0.771717 -0.0753004       0.71   0.73103 -0.185098      0.71
  0.701443 -0.0665011       0.71   0.73103 -0.185098      0.71
  0.779583 -0.0206899       0.71   0.73103 -0.185098      0.71
0.782603 -0.30211     0.71   0.73103 -0.185098      0.71
 0.692907 -0.299926      0.71   0.73103 -0.185098      0.71
  0.805805 -0.0743994       0.71   0.73103 -0.185098      0.71
 0.780462 0.0187914      0.71   0.73103 -0.185098      0.71
0.622111 -0.13245     0.71   0.73103 -0.185098      0.71
 0.819677 0.0649818      0.71   0.73103 -0.185098      0.71
 0.760271 -0.102383      0.71   0.73103 -0.185098      0.71
 0.608987 -0.183686      0.71   0.73103 -0.185098      0.71
 0.895683 -0.131405      0.71   0.73103 -0.185098      0.71
 0.895356 0.0520797      0.71   0.73103 -0.185098      0.71
 0.615355 -0.315534      0.71   0.73103 -0.185098      0.71
  0.744075 -0.0137482       0.71   0.73103 -0.185098      0.71
 0.825163 0.0267343      0.71   0.73103 -0.185098      0.71
 0.687897 0.0514037      0.71   0.73103 -0.185098      0.71
 0.831185 0.0096689      0.71   0.73103 -0.185098      0.71
 0.938249 -0.281246      0.71   0.73103 -0.185098      0.71
  0.78663 -0.185564      0.71   0.73103 -0.185098      0.71
0.891363 0.113557     0.71   0.73103 -0.185098      0.71
   0.5032 -0.192394      0.71   0.73103 -0.185098      0.71
0.741776 -0.11597     0.71   0.73103 -0.185098      0.71
  0.641088 -0.0611746       0.71   0.73103 -0.185098      0.71
  0.66479 -0.029345      0.71   0.73103 -0.185098      0.71
0.762964  0.14282     0.71   0.73103 -0.185098      0.71
 0.636547 0.0310243      0.71   0.73103 -0.185098      0.71
0.941823 -0.25919     0.71   0.73103 -0.185098      0.71
 0.813709 0.0968941      0.71   0.73103 -0.185098      0.71
  0.569839 -0.0637257       0.71   0.73103 -0.185098      0.71
   0.809362 -0.00592876        0.71   0.73103 -0.185098      0.71
 0.778246 -0.399333      0.71   0.73103 -0.185098      0.71
  0.75408 -0.219732      0.71   0.73103 -0.185098      0.71
 0.739416 -0.320202      0.71   0.73103 -0.185098      0.71
 0.799898 -0.377556      0.71   0.73103 -0.185098      0.71
 0.554871 -0.306328      0.71   0.73103 -0.185098      0.71
 0.800133 -0.190205      0.71   0.73103 -0.185098      0.71
 0.811603 -0.165752      0.71   0.73103 -0.185098      0.71
   0.72476 -0.0360011       0.71   0.73103 -0.185098      0.71
 0.769461 -0.468709      0.71   0.73103 -0.185098      0.71
  0.693692 -0.0778334       0.71   0.73103 -0.185098      0.71
  0.806565 -0.0823004       0.71   0.73103 -0.185098      0.71
0.732969 -0.50833     0.71   0.73103 -0.185098      0.71
 0.734799 -0.473149      0.71   0.73103 -0.185098      0.71
 0.699243 -0.225114      0.71   0.73103 -0.185098      0.71
  0.819545 -0.0809899       0.71   0.73103 -0.185098      0.71
0.935286 -0.26167     0.71   0.73103 -0.185098      0.71
  0.737952 -0.0364252       0.71   0.73103 -0.185098      0.71
 0.880059 -0.193075      0.71   0.73103 -0.185098      0.71
  0.858272 -0.0236622       0.71   0.73103 -0.185098      0.71
 0.838977 -0.129313      0.71   0.73103 -0.185098      0.71
   0.78751 -0.0757344       0.71   0.73103 -0.185098      0.71
 0.779446 -0.108104      0.71   0.73103 -0.185098      0.71
 0.632195 -0.197867      0.71   0.73103 -0.185098      0.71
0.695144 -0.34211     0.71   0.73103 -0.185098      0.71
 0.812662 -0.270931      0.71   0.73103 -0.185098      0.71
 0.696616 -0.458897      0.71   0.73103 -0.185098      0.71
  0.752177 0.00687011       0.71   0.73103 -0.185098      0.71
  0.74495 0.0469144      0.71   0.73103 -0.185098      0.71
0.870896 -0.29371     0.71   0.73103 -0.185098      0.71
 0.706895 -0.274133      0.71   0.73103 -0.185098      0.71
 0.560591 -0.110006      0.71   0.73103 -0.185098      0.71
  0.640121 0.00363955       0.71   0.73103 -0.185098      0.71
0.741595  0.12925     0.71   0.73103 -0.185098      0.71
 0.805138 -0.197592      0.71   0.73103 -0.185098      0.71
 0.537442 -0.185673      0.71   0.73103 -0.185098      0.71
 0.799764 -0.388626      0.71   0.73103 -0.185098      0.71
0.833977 -0.18325     0.71   0.73103 -0.185098      0.71
  0.7648 0.113838     0.71   0.73103 -0.185098      0.71
  0.885458 -0.0228173       0.71   0.73103 -0.185098      0.71
 0.668629 -0.131642      0.71   0.73103 -0.185098      0.71
 0.737817 -0.598727      0.71   0.73103 -0.185098      0.71
 0.755507 -0.486887      0.71   0.73103 -0.185098      0.71
0.747242 -0.25509     0.71   0.73103 -0.185098      0.71
 0.472245 -0.155622      0.71   0.73103 -0.185098      0.71
 0.627116 0.0382947      0.71   0.73103 -0.185098      0.71
 0.643164 -0.205773      0.71   0.73103 -0.185098      0.71
 0.697769 -0.208739      0.71   0.73103 -0.185098      0.71
0.778326 -0.39637     0.71   0.73103 -0.185098      0.71
  0.56893 -0.186063      0.71   0.73103 -0.185098      0.71
 0.607248 -0.236712      0.71   0.73103 -0.185098      0.71
 0.789195 -0.169754      0.71   0.73103 -0.185098      0.71
 0.726601 -0.216177      0.71   0.73103 -0.185098      0.71
  0.776534 -0.0781306       0.71   0.73103 -0.185098      0.71
 0.723977 -0.308945      0.71   0.73103 -0.185098      0.71
  0.633707 -0.0919071       0.71   0.73103 -0.185098      0.71
 0.793556 -0.178356      0.71   0.73103 -0.185098      0.71
 0.671327 -0.312639      0.71   0.73103 -0.185098      0.71
 0.465828 -0.203574      0.71   0.73103 -0.185098      0.71
 0.636027 -0.268576      0.71   0.73103 -0.185098      0.71
  0.891464 -0.0199771       0.71   0.73103 -0.185098      0.71
 0.716628 -0.293129      0.71   0.73103 -0.185098      0.71
 0.832249 -0.255656      0.71   0.73103 -0.185098      0.71
 0.492177 -0.256849      0.71   0.73103 -0.185098      0.71
 0.814622 -0.348345      0.71   0.73103 -0.185098      0.71
