  0.94083 -0.433562      0.71
 1.07004 0.274082     0.71
  1.00107 -0.593611      0.71
0.540887 0.431211     0.71
  1.1289 0.433803     0.71
 0.951802 -0.512575      0.71
  1.18967 0.0178845      0.71
  1.11447 -0.568315      0.71
 0.475531 -0.603899      0.71
 1.03545 0.415511     0.71
     1.17567 -0.000265702         0.71
 0.931284 -0.132852      0.71
 0.623954 -0.274119      0.71
   0.62036 -0.0786162       0.71
  0.56129 0.0503647      0.71
  1.1172 0.536719     0.71
 0.63643 0.409433     0.71
 0.870101 0.0658321      0.71
0.420434 0.381388     0.71
  1.13575 0.0409951      0.71
 0.736786 0.0882636      0.71
  1.01835 0.0973416      0.71
 0.751711 -0.372217      0.71
0.998928 0.416045     0.71
  1.14531 -0.112071      0.71
0.423215 0.491497     0.71
 0.885354 -0.548073      0.71
0.406576  0.20018     0.71
 1.03555 0.454002     0.71
  1.11336 -0.366359      0.71
0.437706 -0.10064     0.71
 1.02426 0.574703     0.71
 0.602635 -0.462967      0.71
0.618761 0.554987     0.71
0.985104 -0.46519     0.71
  0.83117 -0.440213      0.71
  0.669699 -0.0294437       0.71
  1.06685 -0.537455      0.71
0.956724  0.29501     0.71
 1.13499 0.463461     0.71
0.944709 -0.54491     0.71
 0.427433 -0.150819      0.71
0.903095  0.16859     0.71
  0.810264 -0.0120531       0.71
 0.444335 -0.432443      0.71
 1.06075 0.144071     0.71
 0.777159 -0.582364      0.71
 0.607195 -0.161334      0.71
 0.599274 -0.366247      0.71
  1.16435 -0.498384      0.71
 0.494833 -0.256086      0.71
 1.17143 0.236305     0.71
 0.416808 -0.270653      0.71
 0.674638 -0.339753      0.71
0.536567 0.102364     0.71
 1.07549 0.189963     0.71
  1.04406 0.0884971      0.71
0.624002 0.434668     0.71
  0.957266 -0.0235144       0.71
0.574692  0.25997     0.71
  1.1786 0.556732     0.71
   1.1253 -0.459485      0.71
    0.43271 0.000998941        0.71
0.954236 0.382379     0.71
 1.16013 0.124104     0.71
0.916528  0.23423     0.71
0.609805 0.136661     0.71
 0.998088 -0.228752      0.71
 0.653183 -0.298387      0.71
 0.772945 -0.341678      0.71
  0.625754 -0.0980829       0.71
  1.16938 0.0491366      0.71
0.784509 0.399601     0.71
 1.11456 0.276816     0.71
0.629027 0.156213     0.71
 0.658401 -0.589789      0.71
  1.1546 0.284002     0.71
0.965792 0.329767     0.71
0.504667 0.190743     0.71
 0.978788 -0.125486      0.71
  1.1224 0.454443     0.71
  1.05347 0.0433343      0.71
0.878664 0.126626     0.71
0.538216 0.116401     0.71
 0.72088 0.546283     0.71
0.445423 0.276058     0.71
 0.630474 0.0156055      0.71
 0.84287 0.113692     0.71
0.665478 0.229444     0.71
  0.529813 -0.0304183       0.71
 1.02348 0.368512     0.71
 0.573257 -0.471091      0.71
   0.4605 -0.157518      0.71
  0.631829 -0.0263516       0.71
  1.14037 -0.113917      0.71
 0.632395 -0.182175      0.71
0.837831 0.499782     0.71
0.753077 0.260148     0.71
0.641487 0.498896     0.71
 0.763418 -0.558464      0.71
0.48497 0.52187    0.71
 1.01037 0.494189     0.71
0.506791 0.457123     0.71
  0.468849 -0.0472692       0.71
0.733733 0.456513     0.71
0.994862 0.448622     0.71
  1.1602 0.115613     0.71
    0.52566 -0.00347063        0.71
0.402311 0.468912     0.71
  0.49198 -0.420627      0.71
 0.890761 -0.368157      0.71
 0.782712 -0.465566      0.71
 0.818628 -0.208991      0.71
 0.938366 -0.188409      0.71
  1.11791 -0.358432      0.71
  1.13455 -0.436935      0.71
0.405013 0.345654     0.71
0.982048 0.199663     0.71
 0.515999 0.0168776      0.71
 0.474752 -0.405599      0.71
 1.03715 0.537786     0.71
 0.839443 -0.130814      0.71
  1.17392 -0.599606      0.71
0.923226 0.111567     0.71
 0.881283 -0.583612      0.71
  1.13592 -0.369676      0.71
 0.621024 -0.186735      0.71
  1.13685 0.0746543      0.71
0.984415 0.365958     0.71
   1.0673 -0.508079      0.71
 0.808404 -0.308185      0.71
 0.772384 0.0639628      0.71
0.978926 0.226685     0.71
0.628733 0.170622     0.71
 0.466121 0.0607516      0.71
  1.14764 -0.238089      0.71
0.600179 0.448372     0.71
 0.619321 0.0666062      0.71
0.448561 -0.26231     0.71
0.487643 0.237302     0.71
 0.636211 -0.137337      0.71
 0.722564 -0.483906      0.71
   0.49552 -0.0393642       0.71
  1.00706 -0.221452      0.71
  1.09963 -0.513528      0.71
  0.64168 -0.345653      0.71
 1.07431 0.207289     0.71
 0.866041 -0.542843      0.71
 0.470366 -0.299583      0.71
0.588216 0.311519     0.71
 1.13944 0.513066     0.71
 0.898222 -0.446395      0.71
0.52227 0.15548    0.71
  0.668592 -0.0689667       0.71
0.847968 0.153321     0.71
 0.859712 -0.446033      0.71
1.00432 0.58989    0.71
  1.01238 0.0200042      0.71
0.988374 -0.35324     0.71
 0.755475 -0.451221      0.71
   0.8982 -0.379782      0.71
 0.546198 -0.139514      0.71
 1.13054 0.442931     0.71
  0.710977 -0.0997429       0.71
 1.03653 0.134814     0.71
  0.92016 -0.544774      0.71
0.468571 0.302851     0.71
0.935266 0.274859     0.71
  1.19647 -0.565761      0.71
 0.702827 -0.504327      0.71
0.843205 0.426778     0.71
 0.426392 -0.246859      0.71
 0.965807 -0.415389      0.71
 0.78303 0.278883     0.71
1.11772 0.32051    0.71
 0.698898 -0.199132      0.71
 1.07973 0.101434     0.71
0.426511 0.450316     0.71
0.595152 0.235537     0.71
 0.698821 -0.572352      0.71
0.399746 0.371353     0.71
  0.42982 -0.024077      0.71
0.646452 0.319963     0.71
0.971158 0.407233     0.71
0.710008 0.170575     0.71
 0.786974 -0.227265      0.71
0.606967  0.13628     0.71
  1.0235 0.265309     0.71
0.499661 0.366226     0.71
0.965716 0.431179     0.71
 0.959285 0.0867331      0.71
0.834829 0.526349     0.71
 0.892102 -0.401738      0.71
0.912078 0.192337     0.71
0.660829 0.311455     0.71
  0.507925 -0.0473928       0.71
 1.03255 0.587943     0.71
0.617303 0.284127     0.71
 0.554448 -0.294167      0.71
   1.19292 -0.0925308       0.71
 0.415761 -0.454889      0.71
0.865698 0.443044     0.71
0.414451 0.481276     0.71
 0.742773 -0.593764      0.71
 0.612144 -0.236177      0.71
 1.17657 0.412976     0.71
 0.982893 -0.465841      0.71
0.771165 0.450933     0.71
 0.399469 -0.484608      0.71
0.744086 0.287653     0.71
   1.14107 -0.0480701       0.71
0.540406 0.429629     0.71
 0.991016 -0.586485      0.71
 0.67653 0.158487     0.71
 0.424266 -0.271274      0.71
  1.08263 0.0351289      0.71
0.407389 -0.33537     0.71
0.781636 0.178619     0.71
 0.702011 -0.387377      0.71
 1.11498 0.530644     0.71
0.846767 0.205573     0.71
0.624211 -0.19654     0.71
  1.0025 0.291761     0.71
 0.97925 0.557859     0.71
 0.589387 -0.574162      0.71
0.842652 0.397501     0.71
 1.02602 0.323116     0.71
0.870003 0.212038     0.71
 0.628137 0.0142175      0.71
 0.812747 -0.600114      0.71
  1.18198 0.0298294      0.71
  0.992792 -0.0693058       0.71
 0.44502 0.443383     0.71
  1.02757 -0.200111      0.71
  1.02053 -0.423865      0.71
  1.04499 -0.069065      0.71
 0.431536 -0.526812      0.71
 0.410563 -0.593323      0.71
 0.985653 0.0669802      0.71
0.613024 0.332358     0.71
  1.16646 -0.450636      0.71
 1.19551 0.595355     0.71
 0.953462 -0.279112      0.71
 0.979385 -0.543791      0.71
 0.983142 -0.161323      0.71
 0.782069 -0.108082      0.71
0.735739 0.295389     0.71
 1.08651 0.376802     0.71
0.465645 0.315117     0.71
 0.638735 -0.440855      0.71
 0.701464 -0.336055      0.71
 0.533851 -0.234355      0.71
 0.956098 -0.354291      0.71
   1.0907 -0.131959      0.71
0.872996 0.456035     0.71
  1.08766 0.0953261      0.71
 0.916906 -0.522968      0.71
   1.1335 -0.518438      0.71
 1.06738 0.300914     0.71
 0.55212 0.336216     0.71
 0.626421 0.0963464      0.71
  0.846192 -0.0537944       0.71
1.11885 0.14106    0.71
  1.07247 -0.309457      0.71
 0.821395 -0.157433      0.71
  0.89308 0.0209673      0.71
 0.744308 -0.330818      0.71
 0.613876 -0.265624      0.71
 0.688528 -0.603374      0.71
 0.887696 -0.316729      0.71
0.818343 0.373401     0.71
0.479903  -0.3888     0.71
 0.892593 -0.292776      0.71
  0.582645 -0.0179196       0.71
  1.17499 -0.384854      0.71
 0.505854 -0.478168      0.71
  1.01808 -0.181297      0.71
 0.462169 -0.236024      0.71
 0.678214 -0.243272      0.71
 0.667509 -0.209225      0.71
0.897045 0.285176     0.71
   1.05918 -0.0531632       0.71
0.703101 0.390005     0.71
 1.10574 0.319127     0.71
 0.948745 -0.439664      0.71
0.716694 0.298262     0.71
 0.703821 -0.481696      0.71
  0.465941 -0.0909765       0.71
0.843427  0.34262     0.71
 1.05917 0.288455     0.71
   1.17683 -0.0545034       0.71
 0.4641 0.11576    0.71
0.437268  0.36165     0.71
 1.12538 -0.02448     0.71
0.58517 0.24072    0.71
0.684132 0.348783     0.71
0.701177 0.142282     0.71
0.701311 0.125181     0.71
0.622677 0.188316     0.71
0.461742 0.342907     0.71
 1.14206 -0.35638     0.71
 1.13942 -0.23968     0.71
0.948614 0.494087     0.71
0.697029 0.267073     0.71
0.423476 0.329361     0.71
 0.714915 -0.570742      0.71
0.783267 0.315012     0.71
  1.01889 0.0950979      0.71
  1.02976 -0.215161      0.71
 1.09052 0.459186     0.71
 0.90592 0.477861     0.71
 1.07673 0.494696     0.71
 1.08527 0.204338     0.71
0.645175 0.533515     0.71
0.504422  0.46023     0.71
 0.807397 -0.359263      0.71
 0.955731 -0.469818      0.71
0.775717 0.173975     0.71
 0.588906 -0.364165      0.71
  1.17488 -0.497305      0.71
  1.10299 -0.248925      0.71
0.942598 0.183864     0.71
  1.03912 -0.148599      0.71
  1.17913 -0.227956      0.71
 1.10371 0.217721     0.71
  1.14131 -0.133971      0.71
  0.66803 -0.237542      0.71
0.803685 0.430411     0.71
  1.04069 -0.123614      0.71
0.869247 0.336837     0.71
 0.62332 0.384143     0.71
0.791949  -0.4292     0.71
 0.434335 -0.496492      0.71
0.949287 0.529715     0.71
0.925228 0.439523     0.71
0.902464 0.017627     0.71
 0.914546 -0.363288      0.71
  1.09705 -0.301576      0.71
0.418886 0.493571     0.71
1.05014  -0.134    0.71
0.407302 0.312227     0.71
 0.423809 -0.124708      0.71
0.549084 0.536071     0.71
  0.942382 -0.0198012       0.71
0.444174  0.05218     0.71
 1.18012 0.210657     0.71
  0.59754 -0.310763      0.71
0.721353 0.419795     0.71
  0.905219 -0.0617659       0.71
0.456501  0.54277     0.71
0.571701 0.551063     0.71
 0.47213 0.549373     0.71
 0.42625 0.543831     0.71
 0.957654 0.0832082      0.71
 0.876942 -0.528788      0.71
 0.767524 -0.597713      0.71
 0.746705 -0.399186      0.71
 1.08448 0.346518     0.71
   0.539998 -0.00678741        0.71
 0.539885 -0.440183      0.71
0.859506 -0.44478     0.71
0.707216 0.372566     0.71
 0.578294 -0.422711      0.71
  0.91788 -0.189662      0.71
 0.431268 -0.434258      0.71
 1.06891 0.187144     0.71
 0.47356 0.201897     0.71
0.60651 0.56977    0.71
 0.440043 -0.184766      0.71
 0.958563 -0.102225      0.71
  1.18196 -0.372991      0.71
0.622814 -0.24374     0.71
 0.605919 -0.176135      0.71
 1.18124 0.362116     0.71
0.544575 0.315364     0.71
0.719306 0.149425     0.71
0.420364 0.187753     0.71
 0.917662 -0.209484      0.71
0.863723 0.452624     0.71
 0.7196 0.19558    0.71
0.644195 -0.57502     0.71
0.443242 0.560328     0.71
 0.525204 -0.585791      0.71
  1.05216 -0.293695      0.71
 0.950145 -0.087804      0.71
 0.99989 0.533014     0.71
0.965784 0.338028     0.71
   1.09667 -0.0118192       0.71
0.915514 0.539197     0.71
0.719691 0.463654     0.71
 0.623723 -0.157386      0.71
 0.716951 -0.123778      0.71
  0.920047 -0.0941508       0.71
  0.65837 -0.226615      0.71
0.620948 0.043368     0.71
 0.765364 -0.362719      0.71
  0.519545 -0.0988775       0.71
  1.02752 -0.151129      0.71
 1.12874 -0.37278     0.71
0.547388 0.282863     0.71
0.405716 0.481354     0.71
 0.639201 -0.336959      0.71
 0.900283 -0.138331      0.71
  1.16691 -0.498507      0.71
 0.42604 0.196882     0.71
0.412768 0.182781     0.71
 0.593869 0.0561828      0.71
 0.642752 0.0977957      0.71
 0.798447 -0.400724      0.71
 0.606603 -0.182582      0.71
 0.642075 -0.255695      0.71
 1.17032 -0.42467     0.71
0.416549 0.561105     0.71
  1.1702 0.290001     0.71
 0.580987 -0.377246      0.71
0.970566 0.235255     0.71
  0.412906 -0.0393403       0.71
0.932342 0.355562     0.71
0.415641 0.231293     0.71
 0.889065 -0.292728      0.71
0.516322 0.444256     0.71
0.481405 0.253282     0.71
0.757674  0.09788     0.71
 0.826621 -0.557999      0.71
   1.0652 0.0967024      0.71
 0.485851 -0.335166      0.71
 0.699234 -0.450847      0.71
 0.936537 -0.522345      0.71
  0.68473 -0.159265      0.71
 0.589607 0.0904363      0.71
1.09855 0.14086    0.71
 0.981946 -0.494074      0.71
 0.861575 -0.396509      0.71
 0.973548 -0.599772      0.71
 0.936587 0.0249405      0.71
 0.902028 -0.456138      0.71
0.929565 0.187112     0.71
 0.781617 0.0837003      0.71
  1.08748 -0.179812      0.71
0.679577 0.423308     0.71
  0.846306 -0.0382417       0.71
  0.46722 -0.538684      0.71
 0.488349 -0.461305      0.71
 0.493625 -0.105667      0.71
 0.603801 0.0276089      0.71
 0.448774 -0.379079      0.71
   0.78191 -0.0332138       0.71
0.692917 0.496147     0.71
  1.19204 0.0515948      0.71
  1.0919 0.165116     0.71
  0.69765 -0.193359      0.71
 1.12237 0.239186     0.71
0.632032 0.100165     0.71
0.998957 0.181089     0.71
 0.95579 0.153054     0.71
 0.456897 -0.545961      0.71
 0.611974 -0.136603      0.71
  0.814542 -0.0480523       0.71
  1.14806 -0.439977      0.71
 0.838428 -0.190886      0.71
  0.760672 -0.0807729       0.71
0.795594 0.067108     0.71
 0.452643 -0.551895      0.71
0.823314 0.125181     0.71
 0.800297 -0.307773      0.71
0.766191  0.50589     0.71
 0.768443 -0.151568      0.71
0.499965 0.110044     0.71
0.790302 0.432064     0.71
 0.795495 0.0555576      0.71
0.892372 0.038832     0.71
 0.935714 -0.524546      0.71
 0.557266 -0.405706      0.71
0.487402  0.26154     0.71
 0.667581 -0.122138      0.71
  1.13532 -0.387735      0.71
0.931073 -0.48176     0.71
  0.952785 -0.0841288       0.71
0.405184 0.384612     0.71
0.711437 0.427765     0.71
0.551932 0.492487     0.71
 0.470367 -0.216262      0.71
  0.791623 -0.0557283       0.71
0.408933 0.227092     0.71
 0.666483 -0.250885      0.71
0.974887  -0.5295     0.71
 0.925219 0.0659148      0.71
 0.775607 -0.453776      0.71
1.07649 0.18141    0.71
  1.09888 -0.523709      0.71
  1.20066 -0.494867      0.71
 0.679152 0.0390699      0.71
  1.09662 -0.322043      0.71
0.829957 0.138222     0.71
 0.480386 -0.114103      0.71
   1.18774 -0.0956457       0.71
   0.85721 -0.0718561       0.71
 1.16311 0.257718     0.71
 0.757306 -0.563024      0.71
0.564003 0.216566     0.71
0.756266 -0.44077     0.71
0.699898 0.439256     0.71
0.783452 0.451958     0.71
0.727681 0.408526     0.71
 0.715941 -0.182982      0.71
0.460291 0.464167     0.71
 0.650648 0.0771964      0.71
  0.629296 -0.0597307       0.71
0.748347 0.590008     0.71
 1.16686 0.559443     0.71
  1.03511 -0.239618      0.71
 0.463874 -0.372955      0.71
 0.795989 -0.432879      0.71
 0.938828 0.0343227      0.71
 0.767787 -0.329275      0.71
0.995339  0.18015     0.71
 0.799126 -0.106794      0.71
  0.44263 -0.448695      0.71
 0.680547 -0.591776      0.71
  1.10849 -0.226555      0.71
0.992335 0.323826     0.71
0.658825 0.102837     0.71
 0.82872 0.400833     0.71
 0.486905 -0.319501      0.71
 0.427892 -0.296147      0.71
0.415663 0.195977     0.71
 1.09983 0.143684     0.71
   0.75269 -0.0242276       0.71
 0.786485 -0.588073      0.71
 0.955484 -0.143196      0.71
0.524759 0.409152     0.71
 1.00942 0.518252     0.71
 1.08252 0.288551     0.71
0.481335 0.215363     0.71
  0.42294 -0.436338      0.71
 1.04717 0.184106     0.71
 1.19285 0.182365     0.71
 0.484207 -0.177826      0.71
  1.13568 -0.352636      0.71
  0.523486 -0.0465038       0.71
0.611106 0.366224     0.71
 0.419376 -0.514989      0.71
0.583304 0.251642     0.71
0.793785 0.260488     0.71
1.13089 0.25137    0.71
   1.1375 -0.243852      0.71
  0.606419 -0.0821132       0.71
 0.593691 -0.404282      0.71
 0.59661 0.338961     0.71
  1.18842 -0.523378      0.71
0.818198 0.121194     0.71
 1.06347 0.534577     0.71
 0.620795 -0.126714      0.71
 1.10411 -0.52374     0.71
 0.462984 -0.575323      0.71
 0.478814 -0.483956      0.71
0.577774 0.522805     0.71
0.471003  0.29668     0.71
 0.484341 -0.577644      0.71
 0.894081 -0.397587      0.71
   0.94442 -0.0693196       0.71
 0.601896 -0.583848      0.71
   1.04592 -0.0423915       0.71
0.479745 0.440237     0.71
 1.09775 0.453811     0.71
1.08382 0.53477    0.71
0.445179 0.471189     0.71
 0.653946 -0.460799      0.71
 0.572508 0.0922682      0.71
 1.19996 0.478724     0.71
0.943736 0.454749     0.71
0.825214 0.311596     0.71
 0.843714 -0.135173      0.71
 1.02393 0.517859     0.71
0.687779 0.364933     0.71
 0.714913 -0.305844      0.71
  1.08392 -0.209044      0.71
 0.609272 -0.232677      0.71
  0.899856 0.00164652       0.71
  0.986384 -0.0601216       0.71
   1.15345 -0.0823858       0.71
 0.421794 -0.117607      0.71
 1.08155 0.570517     0.71
  0.964667 -0.0524568       0.71
 0.642534 -0.171567      0.71
0.689509 0.133574     0.71
0.940899   0.1095     0.71
 0.982866 -0.144186      0.71
0.977419 0.160301     0.71
 0.578967 -0.295423      0.71
0.852852 0.206403     0.71
0.683083 0.152555     0.71
0.682703 0.600588     0.71
0.908622 0.417013     0.71
 0.809043 -0.471159      0.71
  0.846515 -0.0153247       0.71
 0.776367 -0.227502      0.71
  0.45729 0.0660675      0.71
 0.877928 -0.259373      0.71
  1.03299 0.0359489      0.71
 0.880659 -0.320393      0.71
0.538021  0.21044     0.71
  1.19738 -0.264465      0.71
0.595029 0.119958     0.71
0.645675 0.196309     0.71
0.732865 0.443349     0.71
   0.4835 0.0890585      0.71
0.524854 0.578657     0.71
0.913101 0.335899     0.71
 1.16187 0.473064     0.71
 0.851228 -0.216212      0.71
 1.06509 0.549737     0.71
 0.828089 -0.450088      0.71
 0.798627 -0.264118      0.71
  0.907693 -0.0869996       0.71
 0.750489 -0.184295      0.71
 1.18508 0.157648     0.71
 1.06898 0.324373     0.71
0.494861 0.140051     0.71
0.840921 0.446114     0.71
0.812138 0.468907     0.71
0.432261  -0.2069     0.71
  1.19733 -0.381471      0.71
  1.00273 -0.455295      0.71
 0.716817 -0.570453      0.71
  1.11137 -0.258172      0.71
 0.900455 -0.460238      0.71
 0.659017 -0.219918      0.71
0.498438 0.382034     0.71
0.941517  0.40788     0.71
0.516416 0.374407     0.71
  1.1604 -0.54549     0.71
 0.714438 -0.405327      0.71
 1.02725 0.246904     0.71
0.670746 0.349229     0.71
 0.607756 0.0670305      0.71
 0.629144 -0.519956      0.71
  1.05016 0.0215058      0.71
  0.657818 0.00526839       0.71
  0.941838 -0.0761656       0.71
0.787536 0.267734     0.71
 0.696549 -0.565034      0.71
 0.885362 -0.422377      0.71
0.525233 0.585365     0.71
0.460852 0.283053     0.71
 0.430443 -0.151059      0.71
  0.800357 -0.0435066       0.71
0.506665 0.268618     0.71
 0.964379 -0.410342      0.71
 0.725826 -0.115863      0.71
0.839974 0.376107     0.71
0.431221 0.264165     0.71
 0.494913 -0.516229      0.71
 0.468933 -0.386548      0.71
  1.04596 -0.188741      0.71
    1.11739 -0.00850553        0.71
0.469417 0.536298     0.71
 0.637313 0.0533532      0.71
0.897528  0.28382     0.71
0.498365 0.591438     0.71
 1.02047 0.530575     0.71
 0.840848 -0.338979      0.71
0.736154 0.447609     0.71
 0.561658 -0.549383      0.71
0.853002 0.185386     0.71
 0.439571 -0.346825      0.71
 0.97931 0.570946     0.71
0.582163 0.219554     0.71
 1.01892 0.194998     0.71
 0.671981 -0.574538      0.71
  1.06831 -0.349588      0.71
0.785151 -0.35427     0.71
0.658008 0.296099     0.71
0.540747 0.362253     0.71
 0.836847 -0.191835      0.71
0.547664 0.224472     0.71
 0.641525 -0.177455      0.71
 0.747493 -0.201374      0.71
0.781316 0.148946     0.71
0.887668 0.136053     0.71
   1.10179 0.00516538       0.71
   1.07553 -0.0602255       0.71
0.556717 0.467556     0.71
0.473613 0.434748     0.71
 1.14702 0.577877     0.71
 1.08259 0.208956     0.71
 1.01455 0.225687     0.71
 0.774591 -0.199566      0.71
0.469478 0.360281     0.71
0.606903  0.14533     0.71
 0.688117 -0.196735      0.71
0.973721 0.359695     0.71
0.559437 0.074852     0.71
 0.813309 -0.327576      0.71
 1.17887 0.442787     0.71
0.600123 0.541257     0.71
0.569124 0.346973     0.71
 1.15189 0.589482     0.71
 0.486013 -0.398352      0.71
 0.867101 -0.276059      0.71
  1.12761 -0.537089      0.71
  1.11496 -0.143525      0.71
0.871564 0.213675     0.71
 0.681078 -0.272474      0.71
   1.1505 -0.515796      0.71
0.859515 0.521053     0.71
0.601287  0.18557     0.71
 0.902821 0.0703099      0.71
 0.865882 -0.292369      0.71
 0.414643 -0.541924      0.71
  0.769471 -0.0844107       0.71
 1.01075 -0.55509     0.71
 0.633931 0.0540645      0.71
 0.716237 -0.144606      0.71
  0.885383 0.00422537       0.71
 0.669782 -0.211735      0.71
  1.15007 -0.544016      0.71
0.919542 0.491573     0.71
 0.435418 -0.488063      0.71
    1.0294 -0.0632319       0.71
  1.12688 -0.547698      0.71
  1.17346 -0.487783      0.71
 1.19969 0.507859     0.71
  1.03312 -0.155065      0.71
  0.451822 -0.0856126       0.71
1.04557 0.34459    0.71
 0.587681 -0.225819      0.71
  0.536823 -0.0785275       0.71
  0.85111 -0.408302      0.71
  1.05505 -0.258842      0.71
 0.400929 -0.386808      0.71
  1.13573 -0.192969      0.71
  0.55829 -0.567023      0.71
0.965743 0.223441     0.71
 1.07214 0.284251     0.71
0.420657 0.208049     0.71
0.570032  -0.3849     0.71
0.456208 0.190565     0.71
 0.842904 -0.572254      0.71
 0.76147 0.114683     0.71
0.438492 0.177588     0.71
 0.411923 -0.295973      0.71
  0.86768 0.0710855      0.71
 0.474273 -0.380342      0.71
   1.10577 -0.0918774       0.71
 0.678682 -0.336968      0.71
0.765625 0.477318     0.71
 0.948509 0.0212681      0.71
  1.18802 0.0984889      0.71
  1.00064 -0.161314      0.71
0.725987 0.349551     0.71
  0.453072 -0.0498259       0.71
 0.754366 -0.173974      0.71
  1.11651 0.0479557      0.71
0.973517 0.590176     0.71
 0.874123 -0.569775      0.71
0.808499  0.44666     0.71
0.870936 0.175384     0.71
   1.19218 -0.0110697       0.71
0.611201 0.390754     0.71
 0.846923 -0.380987      0.71
0.924965 0.416607     0.71
 0.78015 0.369359     0.71
0.718341 -0.15449     0.71
  1.12607 -0.160451      0.71
  1.16897 -0.485863      0.71
 1.08647 -0.28512     0.71
 0.489423 -0.116492      0.71
0.640602 0.361502     0.71
0.903618 0.603998     0.71
  0.97454 0.0410684      0.71
 0.670592 -0.469144      0.71
 0.625586 -0.205993      0.71
   1.057 0.269094     0.71
  0.66629 -0.253437      0.71
0.924801 0.029541     0.71
0.936767 0.496308     0.71
0.800324 0.117554     0.71
 0.508334 -0.533093      0.71
  1.1405 0.107168     0.71
 1.08468 0.436628     0.71
 0.624643 -0.469569      0.71
 0.595192 -0.188641      0.71
  1.11826 0.0334059      0.71
 1.06809 0.364526     0.71
 0.846601 -0.335766      0.71
  0.692829 -0.0264775       0.71
 1.11461 0.428563     0.71
  1.14792 -0.113981      0.71
 0.556762 -0.447883      0.71
 0.867947 0.0829435      0.71
  0.594472 -0.0410616       0.71
 0.909566 0.0730068      0.71
0.548845 -0.50645     0.71
 0.948391 -0.341744      0.71
 0.713468 -0.138304      0.71
  0.536065 -0.0713528       0.71
 1.03577 -0.39993     0.71
 0.753474 -0.145353      0.71
 0.874251 -0.268047      0.71
0.650336 0.128513     0.71
 0.726964 -0.464854      0.71
  0.93338 -0.283318      0.71
  1.18927 -0.542506      0.71
 0.729621 -0.482267      0.71
  1.12656 -0.518163      0.71
0.707469 -0.58839     0.71
 0.478552 -0.431177      0.71
 0.513634 -0.229113      0.71
 0.895116 0.0298633      0.71
0.493407 0.425234     0.71
0.486937 0.152345     0.71
 1.03983 0.122839     0.71
 0.496937 -0.574646      0.71
0.867609 0.379573     0.71
0.407185 0.152377     0.71
 1.18425 0.419528     0.71
 0.938756 -0.266204      0.71
  1.06353 0.0625768      0.71
 0.425534 -0.170698      0.71
 1.18841 0.061051     0.71
 0.453223 0.0203175      0.71
  1.19225 -0.239804      0.71
  1.18528 -0.406241      0.71
0.778962 0.471031     0.71
0.411212 0.195244     0.71
 0.923725 -0.100818      0.71
 0.412872 -0.422083      0.71
 1.04686 0.350667     0.71
 1.14699 0.586273     0.71
0.896698  0.27632     0.71
 0.626983 -0.406889      0.71
  0.95433 -0.190233      0.71
 1.04951 0.215758     0.71
     1.1626 -0.00220076        0.71
 0.656415 0.0612184      0.71
 0.712133 -0.139324      0.71
0.611785 0.378533     0.71
 0.494863 -0.164649      0.71
 1.06788 0.419397     0.71
 0.399566 0.0866637      0.71
   1.1321 -0.382324      0.71
 0.564834 -0.521795      0.71
 0.781878 -0.306115      0.71
 1.02817 0.136434     0.71
 0.459015 -0.144527      0.71
  0.903549 -0.0498755       0.71
   1.15868 -0.0155002       0.71
0.877234 0.563395     0.71
  0.822428 -0.0664425       0.71
0.653265 0.175676     0.71
 0.447434 -0.425866      0.71
0.513719 0.586398     0.71
 0.432338 -0.342176      0.71
0.715289  0.36302     0.71
 0.988846 -0.239097      0.71
 0.867583 -0.256057      0.71
0.899535 0.318876     0.71
0.506855 0.192875     0.71
  1.0398 0.451291     0.71
  0.415242 -0.0839512       0.71
  1.13791 -0.409969      0.71
   0.57972 -0.0118678       0.71
0.656669  0.19798     0.71
 0.748384 -0.173301      0.71
0.700372 0.101059     0.71
0.775011 0.532895     0.71
  1.11286 -0.377025      0.71
  0.406304 -0.0506804       0.71
 0.505076 -0.492094      0.71
 0.556231 -0.372071      0.71
 0.400404 -0.509621      0.71
0.399021   0.5313     0.71
  1.17851 -0.138583      0.71
  1.01901 -0.134877      0.71
   0.706344 0.000437236        0.71
0.956797 -0.07669     0.71
 1.12647 0.399957     0.71
 0.996254 -0.271626      0.71
 0.642201 0.0376167      0.71
  0.632899 -0.0948898       0.71
 0.964562 -0.408735      0.71
 1.19873 0.181076     0.71
0.517376 -0.11018     0.71
  1.09771 -0.221421      0.71
 0.705882 -0.239181      0.71
 0.462761 -0.029857      0.71
0.644812 0.517527     0.71
0.526452 0.217888     0.71
0.488676 -0.54786     0.71
 0.795434 -0.459779      0.71
 0.914529 -0.329659      0.71
  1.15675 -0.348398      0.71
0.626797 0.295323     0.71
0.666582 0.519528     0.71
0.661612  0.25842     0.71
 0.728743 -0.298039      0.71
 1.07894 0.532734     0.71
 1.04805 0.466221     0.71
 0.793055 -0.551194      0.71
 0.915266 -0.398038      0.71
 0.86317 0.345738     0.71
 0.856908 -0.456327      0.71
 1.05811 0.121641     0.71
 0.561586 -0.398767      0.71
0.815418 0.520471     0.71
    0.934234 -1.08819e-06         0.71
 0.545518 -0.590031      0.71
  0.622127 0.00363698       0.71
 0.556306 -0.245127      0.71
0.756233 0.591895     0.71
 1.06679 0.236573     0.71
 0.433424 -0.277676      0.71
 0.964244 -0.546471      0.71
  0.964593 -0.0524874       0.71
 0.494147 -0.475036      0.71
 0.615715 -0.143172      0.71
 0.937973 -0.155453      0.71
 0.692879 0.0805636      0.71
 1.08883 0.581378     0.71
  0.515029 -0.0636797       0.71
0.804882  0.00684     0.71
   1.04504 -0.0278842       0.71
 1.12807 0.406253     0.71
0.596918 0.310139     0.71
  1.0344 0.370884     0.71
   1.092 0.178338     0.71
 1.14128 0.577371     0.71
 0.693383 -0.187447      0.71
 0.809925 -0.561455      0.71
0.865694  0.18855     0.71
0.807818 0.516873     0.71
 0.740032 -0.369798      0.71
 0.509898 0.0860911      0.71
  1.18116 -0.337442      0.71
 0.881004 -0.121775      0.71
  1.11717 -0.494412      0.71
 0.877223 -0.248457      0.71
  1.1372 0.407237     0.71
 0.924416 -0.544742      0.71
1.04137 0.44028    0.71
  0.66189 -0.595656      0.71
 0.767976 -0.474391      0.71
 0.699355 -0.122804      0.71
0.883776 0.376423     0.71
  0.493986 -0.0453537       0.71
 0.745828 -0.280799      0.71
0.782286 0.584613     0.71
0.427244 0.228495     0.71
0.760631 0.501649     0.71
0.760427 0.391555     0.71
  0.905775 -0.0533208       0.71
 0.54914 0.510214     0.71
 0.511707 -0.374295      0.71
  0.85884 -0.515996      0.71
0.476205 0.178725     0.71
0.899488 0.280749     0.71
 0.52183 0.232052     0.71
 0.87288 0.128833     0.71
 0.879372 -0.228105      0.71
 0.970341 0.0987292      0.71
0.506247 0.392727     0.71
  1.16113 -0.220452      0.71
0.998209 0.450986     0.71
0.755351 0.376621     0.71
0.896517 0.235906     0.71
 0.799247 -0.599276      0.71
 1.11413 0.456444     0.71
  0.747446 -0.0251301       0.71
0.700601 0.232265     0.71
   0.7375 0.0513615      0.71
0.745077  0.45892     0.71
 0.73814 0.591102     0.71
 0.962568 -0.290871      0.71
  0.859701 -0.0679397       0.71
 0.464793 0.0990084      0.71
0.426099 0.335002     0.71
  0.418469 -0.0689805       0.71
0.716681 0.185303     0.71
 0.530666 -0.204855      0.71
0.947396 0.151373     0.71
  1.10039 -0.232177      0.71
0.971454 0.232566     0.71
0.597772 0.153312     0.71
 1.00232 0.370217     0.71
 0.720604 -0.526507      0.71
0.538061 0.296186     0.71
0.42618 0.13857    0.71
 0.399892 -0.304473      0.71
   0.833007 -0.00692205        0.71
  0.406065 -0.0361185       0.71
 1.04705 0.532161     0.71
0.95716  0.1091    0.71
 0.78304 0.013589     0.71
 0.978384 0.0291205      0.71
 0.836912 -0.262702      0.71
 0.715584 -0.432828      0.71
 0.587205 -0.273849      0.71
 0.430324 -0.115938      0.71
 0.850231 -0.582902      0.71
0.748743 0.403696     0.71
 0.441392 0.0551259      0.71
   1.12175 0.00940809       0.71
  0.611452 -0.0047842       0.71
  0.434443 -0.0446158       0.71
 0.62153 0.190777     0.71
 0.81188 -0.39709     0.71
 1.15943 0.138074     0.71
 0.76684 0.565255     0.71
0.521529 -0.17264     0.71
 0.701756 0.0777164      0.71
  1.20087 -0.321007      0.71
  0.452744 -0.0254339       0.71
 0.750526 0.0887562      0.71
 0.597014 -0.324076      0.71
0.631726 0.048588     0.71
0.714064 0.326214     0.71
  0.846045 -0.0810785       0.71
  1.18811 -0.359238      0.71
  1.04845 -0.600906      0.71
 0.415596 -0.234554      0.71
 1.13574 0.410021     0.71
0.766705 0.444916     0.71
1.06184 0.28897    0.71
 0.535075 -0.552003      0.71
  1.10574 -0.463293      0.71
   1.1134 0.0773498      0.71
 1.12972 0.252186     0.71
   1.14656 -0.0180248       0.71
  1.12788 -0.224451      0.71
 1.14377 0.319651     0.71
  0.935754 -0.0518651       0.71
 0.747294 -0.581106      0.71
0.903102  0.27454     0.71
0.414118 0.165815     0.71
 1.12825 0.196962     0.71
 1.06466 0.508175     0.71
 0.697054 -0.598064      0.71
  0.58316 0.0158736      0.71
0.738134 0.197454     0.71
0.475793 0.417753     0.71
 0.639298 -0.162925      0.71
0.580941 0.017425     0.71
 0.664034 -0.347228      0.71
 0.422846 -0.421512      0.71
 1.02295 0.290098     0.71
 0.695581 -0.412334      0.71
 1.07956 0.286971     0.71
  0.578462 -0.0593058       0.71
 0.916801 -0.324384      0.71
 0.742897 0.0916476      0.71
 0.615597 -0.283192      0.71
0.614329 0.238138     0.71
 0.707811 -0.291625      0.71
 1.04087 0.396446     0.71
 0.524338 -0.096671      0.71
 1.16521 0.564485     0.71
 0.765252 0.0783129      0.71
0.537229 0.167819     0.71
   0.6894 -0.172711      0.71
 0.531137 0.0143138      0.71
  0.771717 -0.0753004       0.71
 1.00842 0.570373     0.71
0.952485 0.266006     0.71
0.715706 0.455169     0.71
0.596143 0.190351     0.71
 1.17421 0.572902     0.71
  0.701443 -0.0665011       0.71
 0.614041 -0.400371      0.71
   1.11389 -0.0683186       0.71
  0.44842 -0.480022      0.71
  0.779583 -0.0206899       0.71
  1.00759 -0.045092      0.71
    1.189 -0.602076      0.71
  1.09287 -0.583148      0.71
   1.1862 0.0379458      0.71
0.782603 -0.30211     0.71
 0.692907 -0.299926      0.71
0.501392 0.143549     0.71
0.932263 0.104978     0.71
  1.06402 0.0749125      0.71
0.568717 0.306494     0.71
 1.06315 -0.32409     0.71
0.856674 0.483552     0.71
0.715671 0.482618     0.71
  0.805805 -0.0743994       0.71
  0.937221 -0.0590193       0.71
 0.780462 0.0187914      0.71
  0.978079 -0.0762584       0.71
 0.704285 -0.508358      0.71
0.622111 -0.13245     0.71
0.424279 0.201133     0.71
0.600477 0.267299     0.71
 1.09416 0.144474     0.71
  1.11318 -0.290792      0.71
  1.02234 -0.310247      0.71
0.443546  0.14497     0.71
 0.819677 0.0649818      0.71
 0.760271 -0.102383      0.71
 0.608987 -0.183686      0.71
0.606209 0.358596     0.71
 0.895683 -0.131405      0.71
0.519688 0.426981     0.71
 0.895356 0.0520797      0.71
  1.1359 0.153205     0.71
 0.996903 -0.219477      0.71
  1.07502 -0.520317      0.71
 0.999072 0.0478651      0.71
0.468136 0.554785     0.71
   1.10178 -0.0191981       0.71
 0.601403 0.0629429      0.71
 0.566085 -0.578352      0.71
   1.12274 -0.0222954       0.71
  1.02766 -0.103986      0.71
0.660782 0.505209     0.71
 1.16729 0.486705     0.71
0.524384 0.325831     0.71
 0.615355 -0.315534      0.71
  1.01977 -0.517763      0.71
0.929214 0.479986     0.71
 0.788991 -0.565497      0.71
  0.744075 -0.0137482       0.71
0.863938 0.580006     0.71
0.520452 -0.34496     0.71
 0.825163 0.0267343      0.71
0.738506 0.600299     0.71
 0.687897 0.0514037      0.71
 1.07921 0.201902     0.71
 0.909351 -0.562375      0.71
0.590624 0.434882     0.71
 0.831185 0.0096689      0.71
 0.982717 -0.522538      0.71
0.975469 0.194282     0.71
  0.530508 -0.0170936       0.71
  1.09727 0.0832012      0.71
0.910024 0.185962     0.71
0.752647 0.347098     0.71
 0.938249 -0.281246      0.71
  0.78663 -0.185564      0.71
0.931638 0.196402     0.71
 0.523229 -0.068539      0.71
0.427801 0.486884     0.71
0.562741 0.595778     0.71
0.531519 0.067411     0.71
0.407964 0.577778     0.71
0.891363 0.113557     0.71
  1.13826 -0.207572      0.71
0.751421 0.239091     0.71
0.538933 0.544913     0.71
 0.96135 0.369874     0.71
   0.5032 -0.192394      0.71
   1.0283 -0.235254      0.71
 1.07126 0.490171     0.71
0.819447 0.539248     0.71
 0.934483 -0.347042      0.71
 0.446569 -0.259653      0.71
0.606757 0.427749     0.71
  0.7378 0.239744     0.71
   0.496926 0.000447866        0.71
 0.941081 0.0645216      0.71
 0.983698 -0.489799      0.71
  1.11247 -0.233536      0.71
0.741776 -0.11597     0.71
 1.01661 0.220348     0.71
 0.932392 -0.504152      0.71
0.751167 0.392315     0.71
 1.16598 -0.35731     0.71
  1.08593 -0.270953      0.71
  1.07999 -0.557164      0.71
0.994741  0.13542     0.71
0.586633 0.139076     0.71
  0.641088 -0.0611746       0.71
0.850597 0.458251     0.71
0.633049 0.458445     0.71
  0.66479 -0.029345      0.71
 0.959667 -0.198346      0.71
 0.536783 0.0751274      0.71
0.557715 0.481328     0.71
0.563999 0.592585     0.71
 0.79375 0.279164     0.71
0.762964  0.14282     0.71
  0.4424 0.583621     0.71
 0.636547 0.0310243      0.71
  0.99759 -0.247001      0.71
0.735655 0.241679     0.71
0.638289 0.268806     0.71
0.451521 0.162922     0.71
  1.20082 0.0661892      0.71
0.907235 0.253058     0.71
 0.935191 -0.033451      0.71
 1.14681 0.493072     0.71
0.941823 -0.25919     0.71
  1.17372 -0.387243      0.71
  1.08586 -0.562477      0.71
0.645636 0.323108     0.71
  0.90032 -0.408098      0.71
0.728247 0.385419     0.71
0.988783 0.260611     0.71
0.792755 0.397313     0.71
 0.813709 0.0968941      0.71
  0.569839 -0.0637257       0.71
0.947776  0.43009     0.71
1.08975   0.208    0.71
0.996726 0.331033     0.71
   0.809362 -0.00592876        0.71
 0.778246 -0.399333      0.71
  0.445155 -0.0378935       0.71
  0.75408 -0.219732      0.71
  1.20006 -0.523862      0.71
 0.42506 0.590738     0.71
 0.739416 -0.320202      0.71
 1.16452 0.306812     0.71
 0.799898 -0.377556      0.71
 0.554871 -0.306328      0.71
  1.07389 -0.127089      0.71
 0.439162 0.0538443      0.71
0.477743 0.432298     0.71
0.917147 0.274375     0.71
 0.800133 -0.190205      0.71
 0.811603 -0.165752      0.71
0.945762  0.19864     0.71
   0.72476 -0.0360011       0.71
 0.599664 0.0941201      0.71
 0.769461 -0.468709      0.71
1.04827 -0.3825    0.71
 1.0494 -0.1418    0.71
  0.693692 -0.0778334       0.71
 1.13315 0.479553     0.71
 0.632489 -0.579655      0.71
 0.56547 0.488759     0.71
 1.15526 0.403105     0.71
   1.05395 -0.0714833       0.71
0.977049 0.589653     0.71
0.620557 0.517292     0.71
 0.489693 0.0165969      0.71
0.988222 0.463934     0.71
0.680314 0.180635     0.71
  1.10131 -0.258089      0.71
  0.806565 -0.0823004       0.71
0.633699 0.103907     0.71
0.486098 0.339009     0.71
 0.525576 -0.311459      0.71
0.707117 0.203587     0.71
0.786193 0.220786     0.71
  1.02311 -0.556558      0.71
0.732969 -0.50833     0.71
1.05652 0.17592    0.71
 0.734799 -0.473149      0.71
 1.18637 0.489357     0.71
0.66805  0.3647    0.71
  0.545169 0.00189299       0.71
 0.699243 -0.225114      0.71
 1.15119 0.561995     0.71
0.650485 0.437789     0.71
 0.484503 -0.410807      0.71
 1.17677 0.301206     0.71
 0.406758 -0.130406      0.71
0.909807 0.342638     0.71
  0.968191 -0.0253787       0.71
  0.992327 0.00476838       0.71
  0.819545 -0.0809899       0.71
0.585187 0.276028     0.71
0.935286 -0.26167     0.71
  0.737952 -0.0364252       0.71
0.687439 0.178661     0.71
  0.977748 0.00229148       0.71
 0.49251 -0.52328     0.71
  1.03774 -0.016905      0.71
  1.02588 -0.510014      0.71
 0.880059 -0.193075      0.71
0.649951 0.264082     0.71
  0.501725 -0.0814697       0.71
0.435898 0.494072     0.71
  0.858272 -0.0236622       0.71
 0.47268 0.240676     0.71
   0.44694 -0.0564612       0.71
 0.415215 -0.335085      0.71
0.840435 0.548197     0.71
 1.01827 0.360645     0.71
0.592579 0.371429     0.71
 0.823427 -0.560432      0.71
 0.838977 -0.129313      0.71
 0.82641 0.388145     0.71
   0.78751 -0.0757344       0.71
 0.813636 -0.554615      0.71
  0.60163 -0.456731      0.71
 0.779446 -0.108104      0.71
 1.13403 -0.25051     0.71
 0.632195 -0.197867      0.71
 0.950393 -0.208474      0.71
0.452033 0.207786     0.71
0.944762 0.317278     0.71
0.695144 -0.34211     0.71
 0.437449 -0.218973      0.71
 0.812662 -0.270931      0.71
 0.599589 -0.555269      0.71
  1.07587 -0.568144      0.71
0.690797 0.175049     0.71
 0.452279 -0.378632      0.71
 1.15576 0.168845     0.71
   1.16836 -0.0630132       0.71
 0.696616 -0.458897      0.71
0.978998 0.367038     0.71
 1.13347 0.543698     0.71
  1.06054 0.0398739      0.71
0.697774 0.200209     0.71
0.993242 0.054643     0.71
   0.47737 -0.0191801       0.71
   1.03214 -0.0383845       0.71
    1.07662 -0.00716555        0.71
  0.752177 0.00687011       0.71
  0.74495 0.0469144      0.71
 0.553158 -0.447065      0.71
  1.18047 0.0093406      0.71
 0.947673 -0.201385      0.71
0.870896 -0.29371     0.71
0.730318 0.408478     0.71
0.933707 0.378582     0.71
 1.17153 0.047726     0.71
 0.548487 -0.443654      0.71
 0.706895 -0.274133      0.71
    1.078 0.0708821      0.71
0.602438 0.293186     0.71
 0.560591 -0.110006      0.71
  0.640121 0.00363955       0.71
  1.00042 -0.105502      0.71
0.627389 0.182551     0.71
 0.996127 -0.240589      0.71
 1.19405 0.362489     0.71
 0.625153 -0.593115      0.71
 1.05335 0.438246     0.71
  1.01842 -0.275785      0.71
  0.516343 -0.0417856       0.71
  1.12929 -0.176507      0.71
  1.0423 0.187914     0.71
0.706397 0.468203     0.71
 1.02724 0.146317     0.71
 0.415331 -0.509719      0.71
  0.469215 -0.0721617       0.71
0.741595  0.12925     0.71
0.947558 0.255136     0.71
 0.805138 -0.197592      0.71
 0.83747 0.397331     0.71
 1.10237 0.422971     0.71
  1.09241 -0.192388      0.71
 1.18132 0.143501     0.71
 0.435519 -0.303283      0.71
 0.94531 0.408999     0.71
 1.02691 0.515281     0.71
  1.05035 -0.574872      0.71
 0.537442 -0.185673      0.71
 1.07546 0.484814     0.71
0.897951 0.473543     0.71
 0.624823 0.0940296      0.71
 0.799764 -0.388626      0.71
 0.413821 -0.486953      0.71
 0.942542 0.0256456      0.71
0.833977 -0.18325     0.71
  0.7648 0.113838     0.71
0.947246 0.436732     0.71
0.830273 0.353376     0.71
  0.885458 -0.0228173       0.71
0.856338 0.204449     0.71
 0.668629 -0.131642      0.71
0.969444 0.186156     0.71
 0.516665 -0.088801      0.71
 0.737817 -0.598727      0.71
 0.477295 -0.595506      0.71
 0.905331 -0.559369      0.71
0.853381 0.419329     0.71
 0.755507 -0.486887      0.71
0.957607 0.213667     0.71
0.879458 0.516068     0.71
  1.19921 -0.117065      0.71
0.747242 -0.25509     0.71
0.812112 0.137243     0.71
 0.566658 -0.349929      0.71
 0.472245 -0.155622      0.71
 1.13441 0.120524     0.71
 0.627116 0.0382947      0.71
0.549842 0.539136     0.71
 0.643164 -0.205773      0.71
 0.697769 -0.208739      0.71
  1.06359 -0.596021      0.71
 1.19652 0.456881     0.71
0.779467 0.311741     0.71
 1.12659 0.401335     0.71
0.778326 -0.39637     0.71
 0.891694 -0.391968      0.71
 0.906229 -0.548413      0.71
0.966117 0.104466     0.71
 0.904335 -0.383438      0.71
  0.56893 -0.186063      0.71
0.724579 0.551937     0.71
 0.607248 -0.236712      0.71
0.774304 0.306879     0.71
 1.16061 0.391422     0.71
 0.51021 0.175978     0.71
  1.13227 -0.453514      0.71
 0.60505 0.319496     0.71
0.743696 0.577731     0.71
 0.789195 -0.169754      0.71
0.680097 0.543257     0.71
0.622308 0.181175     0.71
 0.558865 -0.584519      0.71
0.857013 0.313232     0.71
0.746809 0.574698     0.71
 1.07462 0.451565     0.71
0.960912 0.242574     0.71
 0.906296 -0.427355      0.71
 0.726601 -0.216177      0.71
 0.935235 -0.539217      0.71
0.904872 0.482504     0.71
0.705226  0.12495     0.71
0.695408 0.152806     0.71
0.956578  0.15821     0.71
   1.1736 -0.508033      0.71
 0.925159 -0.597341      0.71
    1.071 -0.470491      0.71
  1.01487 -0.437776      0.71
0.559934 0.362671     0.71
    1.0005 -0.0785516       0.71
  0.776534 -0.0781306       0.71
  1.01703 0.0869077      0.71
  1.10525 -0.126328      0.71
 0.723977 -0.308945      0.71
  0.633707 -0.0919071       0.71
 0.793556 -0.178356      0.71
 0.536573 -0.534102      0.71
0.509756 -0.34414     0.71
0.963557 0.216958     0.71
 1.15038 0.355462     0.71
0.701019 0.237617     0.71
0.607017 0.553885     0.71
 0.867967 -0.423518      0.71
 0.471881 -0.409659      0.71
 0.572405 -0.392868      0.71
 0.671327 -0.312639      0.71
   1.1762 0.0291757      0.71
   1.0767 -0.351993      0.71
 0.938966 -0.534193      0.71
 0.465828 -0.203574      0.71
0.539959 0.060234     0.71
 0.548873 0.0583101      0.71
 0.491449 -0.397259      0.71
 0.518014 -0.585778      0.71
 0.411583 -0.525163      0.71
 0.636027 -0.268576      0.71
0.465437 0.203216     0.71
  1.13657 -0.104657      0.71
 0.51629 0.298187     0.71
  0.891464 -0.0199771       0.71
 0.655556 -0.597959      0.71
  1.04497 -0.161508      0.71
0.453831 0.291488     0.71
0.594362 0.119491     0.71
0.854176 0.233581     0.71
  1.13801 0.0139881      0.71
  1.18976 -0.257542      0.71
 0.878947 -0.528495      0.71
  1.06234 0.0945775      0.71
 1.01709 0.537995     0.71
 0.997182 -0.563288      0.71
   1.10127 -0.0522583       0.71
0.453097 0.168841     0.71
 0.93226 0.468532     0.71
0.802435  0.51648     0.71
0.721687 0.253565     0.71
 0.897265 0.0415924      0.71
  1.02025 -0.208583      0.71
0.519637 0.095446     0.71
  1.13883 -0.534746      0.71
 0.716628 -0.293129      0.71
1.05333 0.27226    0.71
 1.16982 0.561412     0.71
0.829286 0.413062     0.71
0.440849 0.513674     0.71
0.545515 0.375112     0.71
 0.48659 0.340161     0.71
0.487529 0.292802     0.71
0.423909 0.486918     0.71
 0.410873 -0.498925      0.71
0.618809 0.209202     0.71
0.75376 0.32056    0.71
 0.832249 -0.255656      0.71
 0.492177 -0.256849      0.71
0.419343 0.212643     0.71
0.763533  0.53388     0.71
 0.591176 0.0523508      0.71
 0.897969 0.0174186      0.71
0.844907 0.310833     0.71
0.882537 0.328497     0.71
0.723178 0.506981     0.71
0.638804 0.538749     0.71
 0.54219 0.297373     0.71
0.947202 0.364149     0.71
0.496645 0.137358     0.71
 0.814622 -0.348345      0.71
 1.00725 0.385689     0.71
0.549087 0.155005     0.71
