  0.251584 -0.0866022   0.587945
  0.252013 -0.0759089   0.589252
  0.252482 -0.0634076   0.593533
  0.252698 -0.0551259   0.594242
   0.25359 -0.0422005   0.592586
  0.254326 -0.0337999     0.5899
  0.254359 -0.0845366   0.592118
  0.255727 -0.0712886   0.590421
  0.256223 -0.0599674   0.592509
  0.256418 -0.0516674    0.59361
  0.256804 -0.0428043   0.592345
  0.256777 -0.0344519   0.590538
  0.257714 -0.0954156   0.595693
  0.257356 -0.0818096   0.595983
  0.259318 -0.0679469   0.593883
  0.260443 -0.0560669   0.593965
  0.260481 -0.0469969   0.595526
  0.261142 -0.0371727    0.59501
  0.261217 -0.0301684   0.594318
  0.260807 -0.0248742   0.592162
  0.26177 -0.103921  0.599747
 0.261867 -0.100216  0.600653
  0.262008 -0.0972096   0.601209
   0.26289 -0.0893463   0.598891
  0.262116 -0.0766785   0.598568
  0.263013 -0.0651762   0.598573
  0.264044 -0.0515901   0.598045
  0.263953 -0.0418633   0.600276
  0.264024 -0.0325878   0.600359
  0.264201 -0.0250938   0.600374
 0.264528 -0.018569  0.599578
   0.264778 -0.00997677    0.599315
   0.264893 -0.00468561    0.592862
  0.265701 -0.0986915   0.603008
  0.265971 -0.0861346   0.604293
  0.265831 -0.0834245   0.604976
  0.266327 -0.0802757   0.603932
  0.267898 -0.0706297   0.599646
  0.268302 -0.0615499   0.598974
  0.267952 -0.0483168   0.598703
  0.268074 -0.0381263   0.599535
  0.267042 -0.0305944   0.597928
  0.266577 -0.0240957   0.598103
   0.26687 -0.0176121   0.597956
   0.266997 -0.00879719    0.597898
   0.267739 -0.00185006     0.59515
  0.268331 0.00679147   0.591365
 0.268486 -0.115926  0.605104
  0.26913 -0.103624  0.605176
  0.269538 -0.0920051   0.605784
  0.269832 -0.0805599   0.606386
   0.26974 -0.0771685    0.60676
  0.269488 -0.0763935   0.606619
  0.270457 -0.0697122   0.604373
  0.270242 -0.0573165   0.605505
  0.270238 -0.0441868   0.605555
  0.270771 -0.0326148   0.604697
   0.27096 -0.0216051   0.604064
  0.269648 -0.0159239   0.604477
   0.270201 -0.00900171    0.602726
   0.270526 -0.00170218    0.602495
  0.270088 0.00436432   0.601647
 0.269724 0.0107978  0.599084
 0.270404 0.0181903  0.593474
 0.271277 -0.108737  0.607682
 0.272002 -0.096101  0.608756
  0.272657 -0.0848461   0.608817
  0.272988 -0.0749838   0.609058
  0.273423 -0.0665881    0.60941
  0.273533 -0.0644277   0.609439
  0.273792 -0.0560658   0.608792
  0.273913 -0.0473661   0.607985
  0.273556 -0.0370552   0.608047
  0.273645 -0.0275595   0.607219
  0.273364 -0.0157604   0.607406
   0.272205 -0.00864333      0.6088
    0.271975 -0.000392628     0.607199
  0.272017 0.00548087   0.607724
 0.272057 0.0116914  0.606528
 0.272329 0.0198001  0.605586
 0.272639 0.0254838  0.602335
 0.273012 0.0298013  0.596448
 0.270627 -0.115407  0.611175
  0.272963 -0.0981064   0.611745
  0.273291 -0.0872275    0.61334
  0.272997 -0.0827269   0.614824
  0.273327 -0.0767927   0.614387
  0.274288 -0.0618168   0.613835
  0.274451 -0.0577689   0.613325
  0.274724 -0.0506539   0.612124
 0.274597 -0.040203  0.611723
  0.274981 -0.0323822    0.61093
  0.274542 -0.0210738   0.610784
   0.274287 -0.00999004    0.611134
    0.274023 -0.000980012     0.612017
  0.273994 0.00788838   0.612069
 0.273684 0.0137116  0.613007
 0.274193 0.0192637  0.611057
 0.274349 0.0264021  0.607616
0.274233 0.031486 0.606617
 0.275121 0.0367312  0.601572
 0.276135 0.0437275   0.59446
0.276879 0.049749 0.590024
 0.267933 -0.125117   0.61577
 0.269983 -0.107033  0.616869
  0.271297 -0.0950004   0.617759
   0.27112 -0.0913821   0.618909
  0.271828 -0.0870519   0.618613
  0.273271 -0.0740648   0.617875
  0.274575 -0.0583735    0.61678
  0.275617 -0.0492696   0.615474
  0.276132 -0.0430735   0.614391
 0.277139 -0.031293  0.611247
  0.277636 -0.0205529   0.610778
  0.276758 -0.0132446   0.612249
   0.276936 -0.00397673    0.611214
  0.277057 0.00591643   0.610344
  0.27556 0.0147188   0.61307
 0.274448 0.0207906   0.61449
 0.274808 0.0291182  0.613836
 0.275455 0.0354565  0.612538
 0.276544 0.0402233  0.608853
 0.276947 0.0469832  0.605376
 0.277556 0.0511591  0.600617
 0.278291 0.0564157   0.59571
 0.279272 0.0646989  0.590039
 0.279832 0.0721355  0.586768
 0.268719 -0.119004  0.618476
 0.270138 -0.110789   0.61846
  0.271765 -0.0978648   0.619066
  0.273673 -0.0820158    0.61926
  0.274916 -0.0650443   0.619227
   0.27531 -0.0500376   0.619362
  0.276007 -0.0411836   0.617234
  0.276439 -0.0383241    0.61534
  0.277304 -0.0276812   0.613121
   0.27785 -0.0128489   0.611999
     0.2788 -0.00260209    0.609469
  0.278485 0.00533417   0.610088
 0.278349 0.0159711  0.610105
 0.278419 0.0236937   0.61003
 0.278211 0.0306779  0.610395
 0.278012 0.0365943  0.610631
 0.277419 0.0413259  0.609634
 0.276933 0.0474368  0.610004
 0.277654 0.0548465  0.608113
 0.278512 0.0594585  0.605245
 0.279273 0.0651436  0.599672
 0.280944 0.0712664  0.592746
 0.281626 0.0787769  0.589854
 0.283585 0.0856555  0.583814
0.284018 0.092689 0.581916
0.284614 0.101384 0.579325
0.284414 0.110068  0.57866
 0.267064 -0.141895  0.617242
 0.267412 -0.133571  0.619039
 0.268655 -0.133597  0.617735
 0.269903 -0.124222  0.618096
0.271831 -0.10922  0.61897
   0.27329 -0.0942164    0.62005
   0.27408 -0.0758792   0.620589
  0.274589 -0.0594996   0.620518
  0.275212 -0.0445679   0.619492
  0.276893 -0.0331086   0.614214
  0.277666 -0.0331952    0.61302
   0.27851 -0.0227809   0.611528
   0.279024 -0.00934303     0.61028
    0.2795 0.00428154   0.608697
 0.280296 0.0136749  0.607116
 0.281019 0.0209478  0.607432
 0.280586 0.0311138  0.608429
0.280334 0.041916 0.607859
0.278976 0.045237 0.609623
 0.278918 0.0509939  0.608975
 0.279416 0.0569963  0.607644
 0.279584 0.0619043  0.605465
 0.279676 0.0672705  0.603005
 0.280816 0.0738293  0.600719
0.282184 0.079692 0.596404
 0.283293 0.0862286  0.592689
 0.284905 0.0923149  0.587346
0.285398 0.100378 0.584199
0.285815 0.108428 0.581443
0.284638 0.118325 0.580329
 0.266229 -0.144137  0.617167
 0.266165 -0.136975  0.619295
   0.2682 -0.131073  0.620088
 0.269779 -0.126048  0.619186
 0.270881 -0.119005  0.617905
 0.271891 -0.105567  0.619469
  0.272445 -0.0912303   0.621092
  0.273531 -0.0755341     0.6201
  0.274097 -0.0584796   0.620124
  0.275062 -0.0428615   0.618876
   0.27782 -0.0305775   0.613987
  0.278825 -0.0209739   0.612863
  0.279585 -0.0140075   0.610813
   0.279783 -0.00374828    0.609566
  0.280092 0.00728115   0.608719
 0.280319 0.0195015   0.60834
  0.28117 0.0297449  0.607195
 0.281047 0.0370574  0.607981
0.281262 0.047435 0.607622
 0.281557 0.0536345  0.606426
0.280956 0.058167 0.606731
 0.280731 0.0657841   0.60476
0.280963 0.070869 0.603189
 0.281779 0.0765109  0.601606
 0.282439 0.0825054  0.599661
 0.283188 0.0889313  0.597022
 0.284789 0.0943675  0.592349
0.285451 0.100916 0.588917
0.285993 0.108697 0.585462
0.285967 0.116242 0.583019
0.286373 0.124726 0.579052
 0.266519 -0.148067   0.61683
 0.266584 -0.132985   0.62093
 0.267983 -0.122591  0.621843
 0.269826 -0.117313   0.61972
 0.271073 -0.110234  0.619552
  0.271296 -0.0973787   0.621608
  0.271608 -0.0840966   0.622271
 0.272746 -0.070441  0.621307
  0.273922 -0.0569057   0.619448
  0.274934 -0.0404833   0.618335
  0.276054 -0.0259187   0.617858
  0.277832 -0.0165676   0.614446
  0.278732 -0.0140467   0.611871
   0.278736 -0.00370659    0.611058
  0.279194 0.00677286   0.609426
0.279821 0.021078 0.607893
 0.279388 0.0334772  0.608258
 0.280541 0.0441012  0.606386
 0.281621 0.0515684  0.606229
  0.28169 0.0604845  0.605189
 0.281743 0.0684068  0.603757
  0.28202 0.0741753  0.602535
 0.282641 0.0794618  0.600807
 0.283605 0.0858909  0.598897
 0.284385 0.0912714  0.597585
 0.285184 0.0967163  0.595012
0.285874 0.102954 0.591648
0.286538 0.109748 0.588346
0.287249 0.116311 0.584577
0.287781 0.123809 0.580244
0.288561 0.130426 0.576066
 0.266246 -0.151521  0.615364
 0.266697 -0.135003  0.619517
 0.268165 -0.121505  0.619906
 0.268789 -0.111729  0.619399
 0.269871 -0.103729  0.619489
  0.270406 -0.0898373   0.621798
  0.270886 -0.0753197   0.622511
   0.27177 -0.0618209   0.622546
    0.273 -0.049242  0.621142
  0.274272 -0.0349249   0.619204
    0.2752 -0.0227504   0.617799
  0.276632 -0.0103564    0.61483
  0.278231 -0.0118812   0.612383
    0.27881 -0.00292903    0.611547
 0.279314 0.0078397  0.609154
  0.28011 0.0217092  0.607211
 0.280502 0.0350155  0.606076
 0.280876 0.0464668   0.60457
 0.282154 0.0560145  0.603389
 0.283225 0.0648331  0.603246
 0.283499 0.0722102  0.602528
 0.284084 0.0798529  0.599947
 0.284053 0.0875221  0.598409
 0.284678 0.0950714  0.595409
0.285462 0.100146 0.593582
0.286778 0.105747 0.591181
0.287033 0.111944 0.589765
0.287773 0.118333 0.586688
 0.265069 -0.149631  0.614382
 0.266467 -0.134857  0.617087
 0.267361 -0.114024   0.61962
 0.267829 -0.101471  0.620077
  0.268389 -0.0913666   0.619981
   0.26845 -0.0796364   0.621793
 0.268905 -0.066191  0.621825
  0.269856 -0.0543254   0.621967
  0.270902 -0.0424057   0.621379
  0.271831 -0.0294376   0.620292
  0.273312 -0.0184089   0.617535
   0.274401 -0.00584908    0.615885
    0.27799 -0.00191361    0.612868
   0.27921 0.00676384   0.610574
 0.28004 0.015784 0.608475
 0.280281 0.0256298  0.606639
 0.280774 0.0408737  0.605062
 0.281045 0.0526854  0.603849
0.281818 0.064463 0.601361
 0.283044 0.0720625  0.599756
 0.283465 0.0779393   0.59984
0.284308 0.084996 0.598122
  0.28557 0.0923964  0.595589
0.286569 0.101837 0.592289
 0.266681 -0.160823  0.608905
 0.266024 -0.146208  0.613127
  0.26702 -0.127144  0.616078
 0.266992 -0.109032  0.618421
 0.268283 -0.095387  0.618803
  0.268519 -0.0820682   0.619392
   0.26873 -0.0690097   0.620331
  0.268967 -0.0565661   0.620764
  0.269636 -0.0467033   0.620681
  0.269907 -0.0360484   0.620809
  0.270667 -0.0239844   0.620101
  0.272797 -0.0131483   0.616853
   0.273404 -0.00114432    0.615714
    0.2784 0.00998742    0.60956
 0.279674 0.0105093  0.608685
  0.28003 0.0185682  0.607101
 0.280041 0.0267844  0.605548
 0.280374 0.0393561  0.604113
 0.280874 0.0530084  0.601691
 0.281442 0.0657359  0.599437
0.282463 0.077474  0.59696
 0.283836 0.0864642  0.594403
 0.283794 0.0888091  0.595228
 0.285248 0.0988343  0.592202
 0.267429 -0.124683  0.614273
 0.267692 -0.106748  0.616101
  0.268271 -0.0899707    0.61717
  0.268725 -0.0736851   0.617842
  0.268857 -0.0481534   0.618743
  0.270038 -0.0158852   0.617714
   0.271867 -0.00585175    0.614957
  0.272483 0.00628888   0.613862
 0.273729 0.0192495    0.6116
0.279236 0.016363 0.607306
 0.279775 0.0219163  0.605131
 0.280186 0.0310871  0.603371
 0.280392 0.0420127  0.601522
 0.281026 0.0542297  0.599187
 0.281578 0.0663033  0.596556
  0.28189 0.0785296  0.594014
 0.282779 0.0905754  0.591289
 0.275116 0.0325145  0.605594
 0.279761 0.0313787   0.60289
 0.280703 0.0410038  0.600193
 0.280649 0.0508691  0.598488
 0.281352 0.0615703  0.596034
 0.281863 0.0735937  0.593299
 0.282167 0.0854623   0.59054
  0.28026 0.0530159  0.596845
 0.280721 0.0613352  0.594546
 0.280952 0.0703094  0.592392
 0.281573 0.0818353  0.589321
