0.412367 -0.59192     0.71
0.412367 -0.56776     0.71
0.412367  -0.5436     0.71
0.412367 -0.51944     0.71
0.412367 -0.49528     0.71
0.412367 -0.47112     0.71
0.412367 -0.44696     0.71
0.412367  -0.4228     0.71
0.412367 -0.39864     0.71
0.412367 -0.37448     0.71
0.412367 -0.35032     0.71
0.412367 -0.32616     0.71
0.412367   -0.302     0.71
0.412367 -0.27784     0.71
0.412367 -0.25368     0.71
0.412367 -0.22952     0.71
0.412367 -0.20536     0.71
0.412367  -0.1812     0.71
0.412367 -0.15704     0.71
0.412367 -0.13288     0.71
0.412367 -0.10872     0.71
0.412367 -0.08456     0.71
0.412367  -0.0604     0.71
0.412367 -0.03624     0.71
0.412367 -0.01208     0.71
0.412367  0.01208     0.71
0.412367  0.03624     0.71
0.412367   0.0604     0.71
0.412367  0.08456     0.71
0.412367  0.10872     0.71
0.412367  0.13288     0.71
0.412367  0.15704     0.71
0.412367   0.1812     0.71
0.412367  0.20536     0.71
0.412367  0.22952     0.71
0.412367  0.25368     0.71
0.412367  0.27784     0.71
0.412367    0.302     0.71
0.412367  0.32616     0.71
0.412367  0.35032     0.71
0.412367  0.37448     0.71
0.412367  0.39864     0.71
0.412367   0.4228     0.71
0.412367  0.44696     0.71
0.412367  0.47112     0.71
0.412367  0.49528     0.71
0.412367  0.51944     0.71
0.412367   0.5436     0.71
0.412367  0.56776     0.71
0.412367  0.59192     0.71
  0.4391 -0.59192     0.71
  0.4391 -0.56776     0.71
 0.4391 -0.5436    0.71
  0.4391 -0.51944     0.71
  0.4391 -0.49528     0.71
  0.4391 -0.47112     0.71
  0.4391 -0.44696     0.71
 0.4391 -0.4228    0.71
  0.4391 -0.39864     0.71
  0.4391 -0.37448     0.71
  0.4391 -0.35032     0.71
  0.4391 -0.32616     0.71
0.4391 -0.302   0.71
  0.4391 -0.27784     0.71
  0.4391 -0.25368     0.71
  0.4391 -0.22952     0.71
  0.4391 -0.20536     0.71
 0.4391 -0.1812    0.71
  0.4391 -0.15704     0.71
  0.4391 -0.13288     0.71
  0.4391 -0.10872     0.71
  0.4391 -0.08456     0.71
 0.4391 -0.0604    0.71
  0.4391 -0.03624     0.71
  0.4391 -0.01208     0.71
 0.4391 0.01208    0.71
 0.4391 0.03624    0.71
0.4391 0.0604   0.71
 0.4391 0.08456    0.71
 0.4391 0.10872    0.71
 0.4391 0.13288    0.71
 0.4391 0.15704    0.71
0.4391 0.1812   0.71
 0.4391 0.20536    0.71
 0.4391 0.22952    0.71
 0.4391 0.25368    0.71
 0.4391 0.27784    0.71
0.4391  0.302   0.71
 0.4391 0.32616    0.71
 0.4391 0.35032    0.71
 0.4391 0.37448    0.71
 0.4391 0.39864    0.71
0.4391 0.4228   0.71
 0.4391 0.44696    0.71
 0.4391 0.47112    0.71
 0.4391 0.49528    0.71
 0.4391 0.51944    0.71
0.4391 0.5436   0.71
 0.4391 0.56776    0.71
 0.4391 0.59192    0.71
0.465833 -0.59192     0.71
0.465833 -0.56776     0.71
0.465833  -0.5436     0.71
0.465833 -0.51944     0.71
0.465833 -0.49528     0.71
0.465833 -0.47112     0.71
0.465833 -0.44696     0.71
0.465833  -0.4228     0.71
0.465833 -0.39864     0.71
0.465833 -0.37448     0.71
0.465833 -0.35032     0.71
0.465833 -0.32616     0.71
0.465833   -0.302     0.71
0.465833 -0.27784     0.71
0.465833 -0.25368     0.71
0.465833 -0.22952     0.71
0.465833 -0.20536     0.71
0.465833  -0.1812     0.71
0.465833 -0.15704     0.71
0.465833 -0.13288     0.71
0.465833 -0.10872     0.71
0.465833 -0.08456     0.71
0.465833  -0.0604     0.71
0.465833 -0.03624     0.71
0.465833 -0.01208     0.71
0.465833  0.01208     0.71
0.465833  0.03624     0.71
0.465833   0.0604     0.71
0.465833  0.08456     0.71
0.465833  0.10872     0.71
0.465833  0.13288     0.71
0.465833  0.15704     0.71
0.465833   0.1812     0.71
0.465833  0.20536     0.71
0.465833  0.22952     0.71
0.465833  0.25368     0.71
0.465833  0.27784     0.71
0.465833    0.302     0.71
0.465833  0.32616     0.71
0.465833  0.35032     0.71
0.465833  0.37448     0.71
0.465833  0.39864     0.71
0.465833   0.4228     0.71
0.465833  0.44696     0.71
0.465833  0.47112     0.71
0.465833  0.49528     0.71
0.465833  0.51944     0.71
0.465833   0.5436     0.71
0.465833  0.56776     0.71
0.465833  0.59192     0.71
0.492567 -0.59192     0.71
0.492567 -0.56776     0.71
0.492567  -0.5436     0.71
0.492567 -0.51944     0.71
0.492567 -0.49528     0.71
0.492567 -0.47112     0.71
0.492567 -0.44696     0.71
0.492567  -0.4228     0.71
0.492567 -0.39864     0.71
0.492567 -0.37448     0.71
0.492567 -0.35032     0.71
0.492567 -0.32616     0.71
0.492567   -0.302     0.71
0.492567 -0.27784     0.71
0.492567 -0.25368     0.71
0.492567 -0.22952     0.71
0.492567 -0.20536     0.71
0.492567  -0.1812     0.71
0.492567 -0.15704     0.71
0.492567 -0.13288     0.71
0.492567 -0.10872     0.71
0.492567 -0.08456     0.71
0.492567  -0.0604     0.71
0.492567 -0.03624     0.71
0.492567 -0.01208     0.71
0.492567  0.01208     0.71
0.492567  0.03624     0.71
0.492567   0.0604     0.71
0.492567  0.08456     0.71
0.492567  0.10872     0.71
0.492567  0.13288     0.71
0.492567  0.15704     0.71
0.492567   0.1812     0.71
0.492567  0.20536     0.71
0.492567  0.22952     0.71
0.492567  0.25368     0.71
0.492567  0.27784     0.71
0.492567    0.302     0.71
0.492567  0.32616     0.71
0.492567  0.35032     0.71
0.492567  0.37448     0.71
0.492567  0.39864     0.71
0.492567   0.4228     0.71
0.492567  0.44696     0.71
0.492567  0.47112     0.71
0.492567  0.49528     0.71
0.492567  0.51944     0.71
0.492567   0.5436     0.71
0.492567  0.56776     0.71
0.492567  0.59192     0.71
  0.5193 -0.59192     0.71
  0.5193 -0.56776     0.71
 0.5193 -0.5436    0.71
  0.5193 -0.51944     0.71
  0.5193 -0.49528     0.71
  0.5193 -0.47112     0.71
  0.5193 -0.44696     0.71
 0.5193 -0.4228    0.71
  0.5193 -0.39864     0.71
  0.5193 -0.37448     0.71
  0.5193 -0.35032     0.71
  0.5193 -0.32616     0.71
0.5193 -0.302   0.71
  0.5193 -0.27784     0.71
  0.5193 -0.25368     0.71
  0.5193 -0.22952     0.71
  0.5193 -0.20536     0.71
 0.5193 -0.1812    0.71
  0.5193 -0.15704     0.71
  0.5193 -0.13288     0.71
  0.5193 -0.10872     0.71
  0.5193 -0.08456     0.71
 0.5193 -0.0604    0.71
  0.5193 -0.03624     0.71
  0.5193 -0.01208     0.71
 0.5193 0.01208    0.71
 0.5193 0.03624    0.71
0.5193 0.0604   0.71
 0.5193 0.08456    0.71
 0.5193 0.10872    0.71
 0.5193 0.13288    0.71
 0.5193 0.15704    0.71
0.5193 0.1812   0.71
 0.5193 0.20536    0.71
 0.5193 0.22952    0.71
 0.5193 0.25368    0.71
 0.5193 0.27784    0.71
0.5193  0.302   0.71
 0.5193 0.32616    0.71
 0.5193 0.35032    0.71
 0.5193 0.37448    0.71
 0.5193 0.39864    0.71
0.5193 0.4228   0.71
 0.5193 0.44696    0.71
 0.5193 0.47112    0.71
 0.5193 0.49528    0.71
 0.5193 0.51944    0.71
0.5193 0.5436   0.71
 0.5193 0.56776    0.71
 0.5193 0.59192    0.71
0.546033 -0.59192     0.71
0.546033 -0.56776     0.71
0.546033  -0.5436     0.71
0.546033 -0.51944     0.71
0.546033 -0.49528     0.71
0.546033 -0.47112     0.71
0.546033 -0.44696     0.71
0.546033  -0.4228     0.71
0.546033 -0.39864     0.71
0.546033 -0.37448     0.71
0.546033 -0.35032     0.71
0.546033 -0.32616     0.71
0.546033   -0.302     0.71
0.546033 -0.27784     0.71
0.546033 -0.25368     0.71
0.546033 -0.22952     0.71
0.546033 -0.20536     0.71
0.546033  -0.1812     0.71
0.546033 -0.15704     0.71
0.546033 -0.13288     0.71
0.546033 -0.10872     0.71
0.546033 -0.08456     0.71
0.546033  -0.0604     0.71
0.546033 -0.03624     0.71
0.546033 -0.01208     0.71
0.546033  0.01208     0.71
0.546033  0.03624     0.71
0.546033   0.0604     0.71
0.546033  0.08456     0.71
0.546033  0.10872     0.71
0.546033  0.13288     0.71
0.546033  0.15704     0.71
0.546033   0.1812     0.71
0.546033  0.20536     0.71
0.546033  0.22952     0.71
0.546033  0.25368     0.71
0.546033  0.27784     0.71
0.546033    0.302     0.71
0.546033  0.32616     0.71
0.546033  0.35032     0.71
0.546033  0.37448     0.71
0.546033  0.39864     0.71
0.546033   0.4228     0.71
0.546033  0.44696     0.71
0.546033  0.47112     0.71
0.546033  0.49528     0.71
0.546033  0.51944     0.71
0.546033   0.5436     0.71
0.546033  0.56776     0.71
0.546033  0.59192     0.71
0.572767 -0.59192     0.71
0.572767 -0.56776     0.71
0.572767  -0.5436     0.71
0.572767 -0.51944     0.71
0.572767 -0.49528     0.71
0.572767 -0.47112     0.71
0.572767 -0.44696     0.71
0.572767  -0.4228     0.71
0.572767 -0.39864     0.71
0.572767 -0.37448     0.71
0.572767 -0.35032     0.71
0.572767 -0.32616     0.71
0.572767   -0.302     0.71
0.572767 -0.27784     0.71
0.572767 -0.25368     0.71
0.572767 -0.22952     0.71
0.572767 -0.20536     0.71
0.572767  -0.1812     0.71
0.572767 -0.15704     0.71
0.572767 -0.13288     0.71
0.572767 -0.10872     0.71
0.572767 -0.08456     0.71
0.572767  -0.0604     0.71
0.572767 -0.03624     0.71
0.572767 -0.01208     0.71
0.572767  0.01208     0.71
0.572767  0.03624     0.71
0.572767   0.0604     0.71
0.572767  0.08456     0.71
0.572767  0.10872     0.71
0.572767  0.13288     0.71
0.572767  0.15704     0.71
0.572767   0.1812     0.71
0.572767  0.20536     0.71
0.572767  0.22952     0.71
0.572767  0.25368     0.71
0.572767  0.27784     0.71
0.572767    0.302     0.71
0.572767  0.32616     0.71
0.572767  0.35032     0.71
0.572767  0.37448     0.71
0.572767  0.39864     0.71
0.572767   0.4228     0.71
0.572767  0.44696     0.71
0.572767  0.47112     0.71
0.572767  0.49528     0.71
0.572767  0.51944     0.71
0.572767   0.5436     0.71
0.572767  0.56776     0.71
0.572767  0.59192     0.71
  0.5995 -0.59192     0.71
  0.5995 -0.56776     0.71
 0.5995 -0.5436    0.71
  0.5995 -0.51944     0.71
  0.5995 -0.49528     0.71
  0.5995 -0.47112     0.71
  0.5995 -0.44696     0.71
 0.5995 -0.4228    0.71
  0.5995 -0.39864     0.71
  0.5995 -0.37448     0.71
  0.5995 -0.35032     0.71
  0.5995 -0.32616     0.71
0.5995 -0.302   0.71
  0.5995 -0.27784     0.71
  0.5995 -0.25368     0.71
  0.5995 -0.22952     0.71
  0.5995 -0.20536     0.71
 0.5995 -0.1812    0.71
  0.5995 -0.15704     0.71
  0.5995 -0.13288     0.71
  0.5995 -0.10872     0.71
  0.5995 -0.08456     0.71
 0.5995 -0.0604    0.71
  0.5995 -0.03624     0.71
  0.5995 -0.01208     0.71
 0.5995 0.01208    0.71
 0.5995 0.03624    0.71
0.5995 0.0604   0.71
 0.5995 0.08456    0.71
 0.5995 0.10872    0.71
 0.5995 0.13288    0.71
 0.5995 0.15704    0.71
0.5995 0.1812   0.71
 0.5995 0.20536    0.71
 0.5995 0.22952    0.71
 0.5995 0.25368    0.71
 0.5995 0.27784    0.71
0.5995  0.302   0.71
 0.5995 0.32616    0.71
 0.5995 0.35032    0.71
 0.5995 0.37448    0.71
 0.5995 0.39864    0.71
0.5995 0.4228   0.71
 0.5995 0.44696    0.71
 0.5995 0.47112    0.71
 0.5995 0.49528    0.71
 0.5995 0.51944    0.71
0.5995 0.5436   0.71
 0.5995 0.56776    0.71
 0.5995 0.59192    0.71
0.626233 -0.59192     0.71
0.626233 -0.56776     0.71
0.626233  -0.5436     0.71
0.626233 -0.51944     0.71
0.626233 -0.49528     0.71
0.626233 -0.47112     0.71
0.626233 -0.44696     0.71
0.626233  -0.4228     0.71
0.626233 -0.39864     0.71
0.626233 -0.37448     0.71
0.626233 -0.35032     0.71
0.626233 -0.32616     0.71
0.626233   -0.302     0.71
0.626233 -0.27784     0.71
0.626233 -0.25368     0.71
0.626233 -0.22952     0.71
0.626233 -0.20536     0.71
0.626233  -0.1812     0.71
0.626233 -0.15704     0.71
0.626233 -0.13288     0.71
0.626233 -0.10872     0.71
0.626233 -0.08456     0.71
0.626233  -0.0604     0.71
0.626233 -0.03624     0.71
0.626233 -0.01208     0.71
0.626233  0.01208     0.71
0.626233  0.03624     0.71
0.626233   0.0604     0.71
0.626233  0.08456     0.71
0.626233  0.10872     0.71
0.626233  0.13288     0.71
0.626233  0.15704     0.71
0.626233   0.1812     0.71
0.626233  0.20536     0.71
0.626233  0.22952     0.71
0.626233  0.25368     0.71
0.626233  0.27784     0.71
0.626233    0.302     0.71
0.626233  0.32616     0.71
0.626233  0.35032     0.71
0.626233  0.37448     0.71
0.626233  0.39864     0.71
0.626233   0.4228     0.71
0.626233  0.44696     0.71
0.626233  0.47112     0.71
0.626233  0.49528     0.71
0.626233  0.51944     0.71
0.626233   0.5436     0.71
0.626233  0.56776     0.71
0.626233  0.59192     0.71
0.652967 -0.59192     0.71
0.652967 -0.56776     0.71
0.652967  -0.5436     0.71
0.652967 -0.51944     0.71
0.652967 -0.49528     0.71
0.652967 -0.47112     0.71
0.652967 -0.44696     0.71
0.652967  -0.4228     0.71
0.652967 -0.39864     0.71
0.652967 -0.37448     0.71
0.652967 -0.35032     0.71
0.652967 -0.32616     0.71
0.652967   -0.302     0.71
0.652967 -0.27784     0.71
0.652967 -0.25368     0.71
0.652967 -0.22952     0.71
0.652967 -0.20536     0.71
0.652967  -0.1812     0.71
0.652967 -0.15704     0.71
0.652967 -0.13288     0.71
0.652967 -0.10872     0.71
0.652967 -0.08456     0.71
0.652967  -0.0604     0.71
0.652967 -0.03624     0.71
0.652967 -0.01208     0.71
0.652967  0.01208     0.71
0.652967  0.03624     0.71
0.652967   0.0604     0.71
0.652967  0.08456     0.71
0.652967  0.10872     0.71
0.652967  0.13288     0.71
0.652967  0.15704     0.71
0.652967   0.1812     0.71
0.652967  0.20536     0.71
0.652967  0.22952     0.71
0.652967  0.25368     0.71
0.652967  0.27784     0.71
0.652967    0.302     0.71
0.652967  0.32616     0.71
0.652967  0.35032     0.71
0.652967  0.37448     0.71
0.652967  0.39864     0.71
0.652967   0.4228     0.71
0.652967  0.44696     0.71
0.652967  0.47112     0.71
0.652967  0.49528     0.71
0.652967  0.51944     0.71
0.652967   0.5436     0.71
0.652967  0.56776     0.71
0.652967  0.59192     0.71
  0.6797 -0.59192     0.71
  0.6797 -0.56776     0.71
 0.6797 -0.5436    0.71
  0.6797 -0.51944     0.71
  0.6797 -0.49528     0.71
  0.6797 -0.47112     0.71
  0.6797 -0.44696     0.71
 0.6797 -0.4228    0.71
  0.6797 -0.39864     0.71
  0.6797 -0.37448     0.71
  0.6797 -0.35032     0.71
  0.6797 -0.32616     0.71
0.6797 -0.302   0.71
  0.6797 -0.27784     0.71
  0.6797 -0.25368     0.71
  0.6797 -0.22952     0.71
  0.6797 -0.20536     0.71
 0.6797 -0.1812    0.71
  0.6797 -0.15704     0.71
  0.6797 -0.13288     0.71
  0.6797 -0.10872     0.71
  0.6797 -0.08456     0.71
 0.6797 -0.0604    0.71
  0.6797 -0.03624     0.71
  0.6797 -0.01208     0.71
 0.6797 0.01208    0.71
 0.6797 0.03624    0.71
0.6797 0.0604   0.71
 0.6797 0.08456    0.71
 0.6797 0.10872    0.71
 0.6797 0.13288    0.71
 0.6797 0.15704    0.71
0.6797 0.1812   0.71
 0.6797 0.20536    0.71
 0.6797 0.22952    0.71
 0.6797 0.25368    0.71
 0.6797 0.27784    0.71
0.6797  0.302   0.71
 0.6797 0.32616    0.71
 0.6797 0.35032    0.71
 0.6797 0.37448    0.71
 0.6797 0.39864    0.71
0.6797 0.4228   0.71
 0.6797 0.44696    0.71
 0.6797 0.47112    0.71
 0.6797 0.49528    0.71
 0.6797 0.51944    0.71
0.6797 0.5436   0.71
 0.6797 0.56776    0.71
 0.6797 0.59192    0.71
0.706433 -0.59192     0.71
0.706433 -0.56776     0.71
0.706433  -0.5436     0.71
0.706433 -0.51944     0.71
0.706433 -0.49528     0.71
0.706433 -0.47112     0.71
0.706433 -0.44696     0.71
0.706433  -0.4228     0.71
0.706433 -0.39864     0.71
0.706433 -0.37448     0.71
0.706433 -0.35032     0.71
0.706433 -0.32616     0.71
0.706433   -0.302     0.71
0.706433 -0.27784     0.71
0.706433 -0.25368     0.71
0.706433 -0.22952     0.71
0.706433 -0.20536     0.71
0.706433  -0.1812     0.71
0.706433 -0.15704     0.71
0.706433 -0.13288     0.71
0.706433 -0.10872     0.71
0.706433 -0.08456     0.71
0.706433  -0.0604     0.71
0.706433 -0.03624     0.71
0.706433 -0.01208     0.71
0.706433  0.01208     0.71
0.706433  0.03624     0.71
0.706433   0.0604     0.71
0.706433  0.08456     0.71
0.706433  0.10872     0.71
0.706433  0.13288     0.71
0.706433  0.15704     0.71
0.706433   0.1812     0.71
0.706433  0.20536     0.71
0.706433  0.22952     0.71
0.706433  0.25368     0.71
0.706433  0.27784     0.71
0.706433    0.302     0.71
0.706433  0.32616     0.71
0.706433  0.35032     0.71
0.706433  0.37448     0.71
0.706433  0.39864     0.71
0.706433   0.4228     0.71
0.706433  0.44696     0.71
0.706433  0.47112     0.71
0.706433  0.49528     0.71
0.706433  0.51944     0.71
0.706433   0.5436     0.71
0.706433  0.56776     0.71
0.706433  0.59192     0.71
0.733167 -0.59192     0.71
0.733167 -0.56776     0.71
0.733167  -0.5436     0.71
0.733167 -0.51944     0.71
0.733167 -0.49528     0.71
0.733167 -0.47112     0.71
0.733167 -0.44696     0.71
0.733167  -0.4228     0.71
0.733167 -0.39864     0.71
0.733167 -0.37448     0.71
0.733167 -0.35032     0.71
0.733167 -0.32616     0.71
0.733167   -0.302     0.71
0.733167 -0.27784     0.71
0.733167 -0.25368     0.71
0.733167 -0.22952     0.71
0.733167 -0.20536     0.71
0.733167  -0.1812     0.71
0.733167 -0.15704     0.71
0.733167 -0.13288     0.71
0.733167 -0.10872     0.71
0.733167 -0.08456     0.71
0.733167  -0.0604     0.71
0.733167 -0.03624     0.71
0.733167 -0.01208     0.71
0.733167  0.01208     0.71
0.733167  0.03624     0.71
0.733167   0.0604     0.71
0.733167  0.08456     0.71
0.733167  0.10872     0.71
0.733167  0.13288     0.71
0.733167  0.15704     0.71
0.733167   0.1812     0.71
0.733167  0.20536     0.71
0.733167  0.22952     0.71
0.733167  0.25368     0.71
0.733167  0.27784     0.71
0.733167    0.302     0.71
0.733167  0.32616     0.71
0.733167  0.35032     0.71
0.733167  0.37448     0.71
0.733167  0.39864     0.71
0.733167   0.4228     0.71
0.733167  0.44696     0.71
0.733167  0.47112     0.71
0.733167  0.49528     0.71
0.733167  0.51944     0.71
0.733167   0.5436     0.71
0.733167  0.56776     0.71
0.733167  0.59192     0.71
  0.7599 -0.59192     0.71
  0.7599 -0.56776     0.71
 0.7599 -0.5436    0.71
  0.7599 -0.51944     0.71
  0.7599 -0.49528     0.71
  0.7599 -0.47112     0.71
  0.7599 -0.44696     0.71
 0.7599 -0.4228    0.71
  0.7599 -0.39864     0.71
  0.7599 -0.37448     0.71
  0.7599 -0.35032     0.71
  0.7599 -0.32616     0.71
0.7599 -0.302   0.71
  0.7599 -0.27784     0.71
  0.7599 -0.25368     0.71
  0.7599 -0.22952     0.71
  0.7599 -0.20536     0.71
 0.7599 -0.1812    0.71
  0.7599 -0.15704     0.71
  0.7599 -0.13288     0.71
  0.7599 -0.10872     0.71
  0.7599 -0.08456     0.71
 0.7599 -0.0604    0.71
  0.7599 -0.03624     0.71
  0.7599 -0.01208     0.71
 0.7599 0.01208    0.71
 0.7599 0.03624    0.71
0.7599 0.0604   0.71
 0.7599 0.08456    0.71
 0.7599 0.10872    0.71
 0.7599 0.13288    0.71
 0.7599 0.15704    0.71
0.7599 0.1812   0.71
 0.7599 0.20536    0.71
 0.7599 0.22952    0.71
 0.7599 0.25368    0.71
 0.7599 0.27784    0.71
0.7599  0.302   0.71
 0.7599 0.32616    0.71
 0.7599 0.35032    0.71
 0.7599 0.37448    0.71
 0.7599 0.39864    0.71
0.7599 0.4228   0.71
 0.7599 0.44696    0.71
 0.7599 0.47112    0.71
 0.7599 0.49528    0.71
 0.7599 0.51944    0.71
0.7599 0.5436   0.71
 0.7599 0.56776    0.71
 0.7599 0.59192    0.71
0.786633 -0.59192     0.71
0.786633 -0.56776     0.71
0.786633  -0.5436     0.71
0.786633 -0.51944     0.71
0.786633 -0.49528     0.71
0.786633 -0.47112     0.71
0.786633 -0.44696     0.71
0.786633  -0.4228     0.71
0.786633 -0.39864     0.71
0.786633 -0.37448     0.71
0.786633 -0.35032     0.71
0.786633 -0.32616     0.71
0.786633   -0.302     0.71
0.786633 -0.27784     0.71
0.786633 -0.25368     0.71
0.786633 -0.22952     0.71
0.786633 -0.20536     0.71
0.786633  -0.1812     0.71
0.786633 -0.15704     0.71
0.786633 -0.13288     0.71
0.786633 -0.10872     0.71
0.786633 -0.08456     0.71
0.786633  -0.0604     0.71
0.786633 -0.03624     0.71
0.786633 -0.01208     0.71
0.786633  0.01208     0.71
0.786633  0.03624     0.71
0.786633   0.0604     0.71
0.786633  0.08456     0.71
0.786633  0.10872     0.71
0.786633  0.13288     0.71
0.786633  0.15704     0.71
0.786633   0.1812     0.71
0.786633  0.20536     0.71
0.786633  0.22952     0.71
0.786633  0.25368     0.71
0.786633  0.27784     0.71
0.786633    0.302     0.71
0.786633  0.32616     0.71
0.786633  0.35032     0.71
0.786633  0.37448     0.71
0.786633  0.39864     0.71
0.786633   0.4228     0.71
0.786633  0.44696     0.71
0.786633  0.47112     0.71
0.786633  0.49528     0.71
0.786633  0.51944     0.71
0.786633   0.5436     0.71
0.786633  0.56776     0.71
0.786633  0.59192     0.71
0.813367 -0.59192     0.71
0.813367 -0.56776     0.71
0.813367  -0.5436     0.71
0.813367 -0.51944     0.71
0.813367 -0.49528     0.71
0.813367 -0.47112     0.71
0.813367 -0.44696     0.71
0.813367  -0.4228     0.71
0.813367 -0.39864     0.71
0.813367 -0.37448     0.71
0.813367 -0.35032     0.71
0.813367 -0.32616     0.71
0.813367   -0.302     0.71
0.813367 -0.27784     0.71
0.813367 -0.25368     0.71
0.813367 -0.22952     0.71
0.813367 -0.20536     0.71
0.813367  -0.1812     0.71
0.813367 -0.15704     0.71
0.813367 -0.13288     0.71
0.813367 -0.10872     0.71
0.813367 -0.08456     0.71
0.813367  -0.0604     0.71
0.813367 -0.03624     0.71
0.813367 -0.01208     0.71
0.813367  0.01208     0.71
0.813367  0.03624     0.71
0.813367   0.0604     0.71
0.813367  0.08456     0.71
0.813367  0.10872     0.71
0.813367  0.13288     0.71
0.813367  0.15704     0.71
0.813367   0.1812     0.71
0.813367  0.20536     0.71
0.813367  0.22952     0.71
0.813367  0.25368     0.71
0.813367  0.27784     0.71
0.813367    0.302     0.71
0.813367  0.32616     0.71
0.813367  0.35032     0.71
0.813367  0.37448     0.71
0.813367  0.39864     0.71
0.813367   0.4228     0.71
0.813367  0.44696     0.71
0.813367  0.47112     0.71
0.813367  0.49528     0.71
0.813367  0.51944     0.71
0.813367   0.5436     0.71
0.813367  0.56776     0.71
0.813367  0.59192     0.71
  0.8401 -0.59192     0.71
  0.8401 -0.56776     0.71
 0.8401 -0.5436    0.71
  0.8401 -0.51944     0.71
  0.8401 -0.49528     0.71
  0.8401 -0.47112     0.71
  0.8401 -0.44696     0.71
 0.8401 -0.4228    0.71
  0.8401 -0.39864     0.71
  0.8401 -0.37448     0.71
  0.8401 -0.35032     0.71
  0.8401 -0.32616     0.71
0.8401 -0.302   0.71
  0.8401 -0.27784     0.71
  0.8401 -0.25368     0.71
  0.8401 -0.22952     0.71
  0.8401 -0.20536     0.71
 0.8401 -0.1812    0.71
  0.8401 -0.15704     0.71
  0.8401 -0.13288     0.71
  0.8401 -0.10872     0.71
  0.8401 -0.08456     0.71
 0.8401 -0.0604    0.71
  0.8401 -0.03624     0.71
  0.8401 -0.01208     0.71
 0.8401 0.01208    0.71
 0.8401 0.03624    0.71
0.8401 0.0604   0.71
 0.8401 0.08456    0.71
 0.8401 0.10872    0.71
 0.8401 0.13288    0.71
 0.8401 0.15704    0.71
0.8401 0.1812   0.71
 0.8401 0.20536    0.71
 0.8401 0.22952    0.71
 0.8401 0.25368    0.71
 0.8401 0.27784    0.71
0.8401  0.302   0.71
 0.8401 0.32616    0.71
 0.8401 0.35032    0.71
 0.8401 0.37448    0.71
 0.8401 0.39864    0.71
0.8401 0.4228   0.71
 0.8401 0.44696    0.71
 0.8401 0.47112    0.71
 0.8401 0.49528    0.71
 0.8401 0.51944    0.71
0.8401 0.5436   0.71
 0.8401 0.56776    0.71
 0.8401 0.59192    0.71
0.866833 -0.59192     0.71
0.866833 -0.56776     0.71
0.866833  -0.5436     0.71
0.866833 -0.51944     0.71
0.866833 -0.49528     0.71
0.866833 -0.47112     0.71
0.866833 -0.44696     0.71
0.866833  -0.4228     0.71
0.866833 -0.39864     0.71
0.866833 -0.37448     0.71
0.866833 -0.35032     0.71
0.866833 -0.32616     0.71
0.866833   -0.302     0.71
0.866833 -0.27784     0.71
0.866833 -0.25368     0.71
0.866833 -0.22952     0.71
0.866833 -0.20536     0.71
0.866833  -0.1812     0.71
0.866833 -0.15704     0.71
0.866833 -0.13288     0.71
0.866833 -0.10872     0.71
0.866833 -0.08456     0.71
0.866833  -0.0604     0.71
0.866833 -0.03624     0.71
0.866833 -0.01208     0.71
0.866833  0.01208     0.71
0.866833  0.03624     0.71
0.866833   0.0604     0.71
0.866833  0.08456     0.71
0.866833  0.10872     0.71
0.866833  0.13288     0.71
0.866833  0.15704     0.71
0.866833   0.1812     0.71
0.866833  0.20536     0.71
0.866833  0.22952     0.71
0.866833  0.25368     0.71
0.866833  0.27784     0.71
0.866833    0.302     0.71
0.866833  0.32616     0.71
0.866833  0.35032     0.71
0.866833  0.37448     0.71
0.866833  0.39864     0.71
0.866833   0.4228     0.71
0.866833  0.44696     0.71
0.866833  0.47112     0.71
0.866833  0.49528     0.71
0.866833  0.51944     0.71
0.866833   0.5436     0.71
0.866833  0.56776     0.71
0.866833  0.59192     0.71
0.893567 -0.59192     0.71
0.893567 -0.56776     0.71
0.893567  -0.5436     0.71
0.893567 -0.51944     0.71
0.893567 -0.49528     0.71
0.893567 -0.47112     0.71
0.893567 -0.44696     0.71
0.893567  -0.4228     0.71
0.893567 -0.39864     0.71
0.893567 -0.37448     0.71
0.893567 -0.35032     0.71
0.893567 -0.32616     0.71
0.893567   -0.302     0.71
0.893567 -0.27784     0.71
0.893567 -0.25368     0.71
0.893567 -0.22952     0.71
0.893567 -0.20536     0.71
0.893567  -0.1812     0.71
0.893567 -0.15704     0.71
0.893567 -0.13288     0.71
0.893567 -0.10872     0.71
0.893567 -0.08456     0.71
0.893567  -0.0604     0.71
0.893567 -0.03624     0.71
0.893567 -0.01208     0.71
0.893567  0.01208     0.71
0.893567  0.03624     0.71
0.893567   0.0604     0.71
0.893567  0.08456     0.71
0.893567  0.10872     0.71
0.893567  0.13288     0.71
0.893567  0.15704     0.71
0.893567   0.1812     0.71
0.893567  0.20536     0.71
0.893567  0.22952     0.71
0.893567  0.25368     0.71
0.893567  0.27784     0.71
0.893567    0.302     0.71
0.893567  0.32616     0.71
0.893567  0.35032     0.71
0.893567  0.37448     0.71
0.893567  0.39864     0.71
0.893567   0.4228     0.71
0.893567  0.44696     0.71
0.893567  0.47112     0.71
0.893567  0.49528     0.71
0.893567  0.51944     0.71
0.893567   0.5436     0.71
0.893567  0.56776     0.71
0.893567  0.59192     0.71
  0.9203 -0.59192     0.71
  0.9203 -0.56776     0.71
 0.9203 -0.5436    0.71
  0.9203 -0.51944     0.71
  0.9203 -0.49528     0.71
  0.9203 -0.47112     0.71
  0.9203 -0.44696     0.71
 0.9203 -0.4228    0.71
  0.9203 -0.39864     0.71
  0.9203 -0.37448     0.71
  0.9203 -0.35032     0.71
  0.9203 -0.32616     0.71
0.9203 -0.302   0.71
  0.9203 -0.27784     0.71
  0.9203 -0.25368     0.71
  0.9203 -0.22952     0.71
  0.9203 -0.20536     0.71
 0.9203 -0.1812    0.71
  0.9203 -0.15704     0.71
  0.9203 -0.13288     0.71
  0.9203 -0.10872     0.71
  0.9203 -0.08456     0.71
 0.9203 -0.0604    0.71
  0.9203 -0.03624     0.71
  0.9203 -0.01208     0.71
 0.9203 0.01208    0.71
 0.9203 0.03624    0.71
0.9203 0.0604   0.71
 0.9203 0.08456    0.71
 0.9203 0.10872    0.71
 0.9203 0.13288    0.71
 0.9203 0.15704    0.71
0.9203 0.1812   0.71
 0.9203 0.20536    0.71
 0.9203 0.22952    0.71
 0.9203 0.25368    0.71
 0.9203 0.27784    0.71
0.9203  0.302   0.71
 0.9203 0.32616    0.71
 0.9203 0.35032    0.71
 0.9203 0.37448    0.71
 0.9203 0.39864    0.71
0.9203 0.4228   0.71
 0.9203 0.44696    0.71
 0.9203 0.47112    0.71
 0.9203 0.49528    0.71
 0.9203 0.51944    0.71
0.9203 0.5436   0.71
 0.9203 0.56776    0.71
 0.9203 0.59192    0.71
0.947033 -0.59192     0.71
0.947033 -0.56776     0.71
0.947033  -0.5436     0.71
0.947033 -0.51944     0.71
0.947033 -0.49528     0.71
0.947033 -0.47112     0.71
0.947033 -0.44696     0.71
0.947033  -0.4228     0.71
0.947033 -0.39864     0.71
0.947033 -0.37448     0.71
0.947033 -0.35032     0.71
0.947033 -0.32616     0.71
0.947033   -0.302     0.71
0.947033 -0.27784     0.71
0.947033 -0.25368     0.71
0.947033 -0.22952     0.71
0.947033 -0.20536     0.71
0.947033  -0.1812     0.71
0.947033 -0.15704     0.71
0.947033 -0.13288     0.71
0.947033 -0.10872     0.71
0.947033 -0.08456     0.71
0.947033  -0.0604     0.71
0.947033 -0.03624     0.71
0.947033 -0.01208     0.71
0.947033  0.01208     0.71
0.947033  0.03624     0.71
0.947033   0.0604     0.71
0.947033  0.08456     0.71
0.947033  0.10872     0.71
0.947033  0.13288     0.71
0.947033  0.15704     0.71
0.947033   0.1812     0.71
0.947033  0.20536     0.71
0.947033  0.22952     0.71
0.947033  0.25368     0.71
0.947033  0.27784     0.71
0.947033    0.302     0.71
0.947033  0.32616     0.71
0.947033  0.35032     0.71
0.947033  0.37448     0.71
0.947033  0.39864     0.71
0.947033   0.4228     0.71
0.947033  0.44696     0.71
0.947033  0.47112     0.71
0.947033  0.49528     0.71
0.947033  0.51944     0.71
0.947033   0.5436     0.71
0.947033  0.56776     0.71
0.947033  0.59192     0.71
0.973767 -0.59192     0.71
0.973767 -0.56776     0.71
0.973767  -0.5436     0.71
0.973767 -0.51944     0.71
0.973767 -0.49528     0.71
0.973767 -0.47112     0.71
0.973767 -0.44696     0.71
0.973767  -0.4228     0.71
0.973767 -0.39864     0.71
0.973767 -0.37448     0.71
0.973767 -0.35032     0.71
0.973767 -0.32616     0.71
0.973767   -0.302     0.71
0.973767 -0.27784     0.71
0.973767 -0.25368     0.71
0.973767 -0.22952     0.71
0.973767 -0.20536     0.71
0.973767  -0.1812     0.71
0.973767 -0.15704     0.71
0.973767 -0.13288     0.71
0.973767 -0.10872     0.71
0.973767 -0.08456     0.71
0.973767  -0.0604     0.71
0.973767 -0.03624     0.71
0.973767 -0.01208     0.71
0.973767  0.01208     0.71
0.973767  0.03624     0.71
0.973767   0.0604     0.71
0.973767  0.08456     0.71
0.973767  0.10872     0.71
0.973767  0.13288     0.71
0.973767  0.15704     0.71
0.973767   0.1812     0.71
0.973767  0.20536     0.71
0.973767  0.22952     0.71
0.973767  0.25368     0.71
0.973767  0.27784     0.71
0.973767    0.302     0.71
0.973767  0.32616     0.71
0.973767  0.35032     0.71
0.973767  0.37448     0.71
0.973767  0.39864     0.71
0.973767   0.4228     0.71
0.973767  0.44696     0.71
0.973767  0.47112     0.71
0.973767  0.49528     0.71
0.973767  0.51944     0.71
0.973767   0.5436     0.71
0.973767  0.56776     0.71
0.973767  0.59192     0.71
  1.0005 -0.59192     0.71
  1.0005 -0.56776     0.71
 1.0005 -0.5436    0.71
  1.0005 -0.51944     0.71
  1.0005 -0.49528     0.71
  1.0005 -0.47112     0.71
  1.0005 -0.44696     0.71
 1.0005 -0.4228    0.71
  1.0005 -0.39864     0.71
  1.0005 -0.37448     0.71
  1.0005 -0.35032     0.71
  1.0005 -0.32616     0.71
1.0005 -0.302   0.71
  1.0005 -0.27784     0.71
  1.0005 -0.25368     0.71
  1.0005 -0.22952     0.71
  1.0005 -0.20536     0.71
 1.0005 -0.1812    0.71
  1.0005 -0.15704     0.71
  1.0005 -0.13288     0.71
  1.0005 -0.10872     0.71
  1.0005 -0.08456     0.71
 1.0005 -0.0604    0.71
  1.0005 -0.03624     0.71
  1.0005 -0.01208     0.71
 1.0005 0.01208    0.71
 1.0005 0.03624    0.71
1.0005 0.0604   0.71
 1.0005 0.08456    0.71
 1.0005 0.10872    0.71
 1.0005 0.13288    0.71
 1.0005 0.15704    0.71
1.0005 0.1812   0.71
 1.0005 0.20536    0.71
 1.0005 0.22952    0.71
 1.0005 0.25368    0.71
 1.0005 0.27784    0.71
1.0005  0.302   0.71
 1.0005 0.32616    0.71
 1.0005 0.35032    0.71
 1.0005 0.37448    0.71
 1.0005 0.39864    0.71
1.0005 0.4228   0.71
 1.0005 0.44696    0.71
 1.0005 0.47112    0.71
 1.0005 0.49528    0.71
 1.0005 0.51944    0.71
1.0005 0.5436   0.71
 1.0005 0.56776    0.71
 1.0005 0.59192    0.71
 1.02723 -0.59192     0.71
 1.02723 -0.56776     0.71
1.02723 -0.5436    0.71
 1.02723 -0.51944     0.71
 1.02723 -0.49528     0.71
 1.02723 -0.47112     0.71
 1.02723 -0.44696     0.71
1.02723 -0.4228    0.71
 1.02723 -0.39864     0.71
 1.02723 -0.37448     0.71
 1.02723 -0.35032     0.71
 1.02723 -0.32616     0.71
1.02723  -0.302    0.71
 1.02723 -0.27784     0.71
 1.02723 -0.25368     0.71
 1.02723 -0.22952     0.71
 1.02723 -0.20536     0.71
1.02723 -0.1812    0.71
 1.02723 -0.15704     0.71
 1.02723 -0.13288     0.71
 1.02723 -0.10872     0.71
 1.02723 -0.08456     0.71
1.02723 -0.0604    0.71
 1.02723 -0.03624     0.71
 1.02723 -0.01208     0.71
1.02723 0.01208    0.71
1.02723 0.03624    0.71
1.02723  0.0604    0.71
1.02723 0.08456    0.71
1.02723 0.10872    0.71
1.02723 0.13288    0.71
1.02723 0.15704    0.71
1.02723  0.1812    0.71
1.02723 0.20536    0.71
1.02723 0.22952    0.71
1.02723 0.25368    0.71
1.02723 0.27784    0.71
1.02723   0.302    0.71
1.02723 0.32616    0.71
1.02723 0.35032    0.71
1.02723 0.37448    0.71
1.02723 0.39864    0.71
1.02723  0.4228    0.71
1.02723 0.44696    0.71
1.02723 0.47112    0.71
1.02723 0.49528    0.71
1.02723 0.51944    0.71
1.02723  0.5436    0.71
1.02723 0.56776    0.71
1.02723 0.59192    0.71
 1.05397 -0.59192     0.71
 1.05397 -0.56776     0.71
1.05397 -0.5436    0.71
 1.05397 -0.51944     0.71
 1.05397 -0.49528     0.71
 1.05397 -0.47112     0.71
 1.05397 -0.44696     0.71
1.05397 -0.4228    0.71
 1.05397 -0.39864     0.71
 1.05397 -0.37448     0.71
 1.05397 -0.35032     0.71
 1.05397 -0.32616     0.71
1.05397  -0.302    0.71
 1.05397 -0.27784     0.71
 1.05397 -0.25368     0.71
 1.05397 -0.22952     0.71
 1.05397 -0.20536     0.71
1.05397 -0.1812    0.71
 1.05397 -0.15704     0.71
 1.05397 -0.13288     0.71
 1.05397 -0.10872     0.71
 1.05397 -0.08456     0.71
1.05397 -0.0604    0.71
 1.05397 -0.03624     0.71
 1.05397 -0.01208     0.71
1.05397 0.01208    0.71
1.05397 0.03624    0.71
1.05397  0.0604    0.71
1.05397 0.08456    0.71
1.05397 0.10872    0.71
1.05397 0.13288    0.71
1.05397 0.15704    0.71
1.05397  0.1812    0.71
1.05397 0.20536    0.71
1.05397 0.22952    0.71
1.05397 0.25368    0.71
1.05397 0.27784    0.71
1.05397   0.302    0.71
1.05397 0.32616    0.71
1.05397 0.35032    0.71
1.05397 0.37448    0.71
1.05397 0.39864    0.71
1.05397  0.4228    0.71
1.05397 0.44696    0.71
1.05397 0.47112    0.71
1.05397 0.49528    0.71
1.05397 0.51944    0.71
1.05397  0.5436    0.71
1.05397 0.56776    0.71
1.05397 0.59192    0.71
  1.0807 -0.59192     0.71
  1.0807 -0.56776     0.71
 1.0807 -0.5436    0.71
  1.0807 -0.51944     0.71
  1.0807 -0.49528     0.71
  1.0807 -0.47112     0.71
  1.0807 -0.44696     0.71
 1.0807 -0.4228    0.71
  1.0807 -0.39864     0.71
  1.0807 -0.37448     0.71
  1.0807 -0.35032     0.71
  1.0807 -0.32616     0.71
1.0807 -0.302   0.71
  1.0807 -0.27784     0.71
  1.0807 -0.25368     0.71
  1.0807 -0.22952     0.71
  1.0807 -0.20536     0.71
 1.0807 -0.1812    0.71
  1.0807 -0.15704     0.71
  1.0807 -0.13288     0.71
  1.0807 -0.10872     0.71
  1.0807 -0.08456     0.71
 1.0807 -0.0604    0.71
  1.0807 -0.03624     0.71
  1.0807 -0.01208     0.71
 1.0807 0.01208    0.71
 1.0807 0.03624    0.71
1.0807 0.0604   0.71
 1.0807 0.08456    0.71
 1.0807 0.10872    0.71
 1.0807 0.13288    0.71
 1.0807 0.15704    0.71
1.0807 0.1812   0.71
 1.0807 0.20536    0.71
 1.0807 0.22952    0.71
 1.0807 0.25368    0.71
 1.0807 0.27784    0.71
1.0807  0.302   0.71
 1.0807 0.32616    0.71
 1.0807 0.35032    0.71
 1.0807 0.37448    0.71
 1.0807 0.39864    0.71
1.0807 0.4228   0.71
 1.0807 0.44696    0.71
 1.0807 0.47112    0.71
 1.0807 0.49528    0.71
 1.0807 0.51944    0.71
1.0807 0.5436   0.71
 1.0807 0.56776    0.71
 1.0807 0.59192    0.71
 1.10743 -0.59192     0.71
 1.10743 -0.56776     0.71
1.10743 -0.5436    0.71
 1.10743 -0.51944     0.71
 1.10743 -0.49528     0.71
 1.10743 -0.47112     0.71
 1.10743 -0.44696     0.71
1.10743 -0.4228    0.71
 1.10743 -0.39864     0.71
 1.10743 -0.37448     0.71
 1.10743 -0.35032     0.71
 1.10743 -0.32616     0.71
1.10743  -0.302    0.71
 1.10743 -0.27784     0.71
 1.10743 -0.25368     0.71
 1.10743 -0.22952     0.71
 1.10743 -0.20536     0.71
1.10743 -0.1812    0.71
 1.10743 -0.15704     0.71
 1.10743 -0.13288     0.71
 1.10743 -0.10872     0.71
 1.10743 -0.08456     0.71
1.10743 -0.0604    0.71
 1.10743 -0.03624     0.71
 1.10743 -0.01208     0.71
1.10743 0.01208    0.71
1.10743 0.03624    0.71
1.10743  0.0604    0.71
1.10743 0.08456    0.71
1.10743 0.10872    0.71
1.10743 0.13288    0.71
1.10743 0.15704    0.71
1.10743  0.1812    0.71
1.10743 0.20536    0.71
1.10743 0.22952    0.71
1.10743 0.25368    0.71
1.10743 0.27784    0.71
1.10743   0.302    0.71
1.10743 0.32616    0.71
1.10743 0.35032    0.71
1.10743 0.37448    0.71
1.10743 0.39864    0.71
1.10743  0.4228    0.71
1.10743 0.44696    0.71
1.10743 0.47112    0.71
1.10743 0.49528    0.71
1.10743 0.51944    0.71
1.10743  0.5436    0.71
1.10743 0.56776    0.71
1.10743 0.59192    0.71
 1.13417 -0.59192     0.71
 1.13417 -0.56776     0.71
1.13417 -0.5436    0.71
 1.13417 -0.51944     0.71
 1.13417 -0.49528     0.71
 1.13417 -0.47112     0.71
 1.13417 -0.44696     0.71
1.13417 -0.4228    0.71
 1.13417 -0.39864     0.71
 1.13417 -0.37448     0.71
 1.13417 -0.35032     0.71
 1.13417 -0.32616     0.71
1.13417  -0.302    0.71
 1.13417 -0.27784     0.71
 1.13417 -0.25368     0.71
 1.13417 -0.22952     0.71
 1.13417 -0.20536     0.71
1.13417 -0.1812    0.71
 1.13417 -0.15704     0.71
 1.13417 -0.13288     0.71
 1.13417 -0.10872     0.71
 1.13417 -0.08456     0.71
1.13417 -0.0604    0.71
 1.13417 -0.03624     0.71
 1.13417 -0.01208     0.71
1.13417 0.01208    0.71
1.13417 0.03624    0.71
1.13417  0.0604    0.71
1.13417 0.08456    0.71
1.13417 0.10872    0.71
1.13417 0.13288    0.71
1.13417 0.15704    0.71
1.13417  0.1812    0.71
1.13417 0.20536    0.71
1.13417 0.22952    0.71
1.13417 0.25368    0.71
1.13417 0.27784    0.71
1.13417   0.302    0.71
1.13417 0.32616    0.71
1.13417 0.35032    0.71
1.13417 0.37448    0.71
1.13417 0.39864    0.71
1.13417  0.4228    0.71
1.13417 0.44696    0.71
1.13417 0.47112    0.71
1.13417 0.49528    0.71
1.13417 0.51944    0.71
1.13417  0.5436    0.71
1.13417 0.56776    0.71
1.13417 0.59192    0.71
  1.1609 -0.59192     0.71
  1.1609 -0.56776     0.71
 1.1609 -0.5436    0.71
  1.1609 -0.51944     0.71
  1.1609 -0.49528     0.71
  1.1609 -0.47112     0.71
  1.1609 -0.44696     0.71
 1.1609 -0.4228    0.71
  1.1609 -0.39864     0.71
  1.1609 -0.37448     0.71
  1.1609 -0.35032     0.71
  1.1609 -0.32616     0.71
1.1609 -0.302   0.71
  1.1609 -0.27784     0.71
  1.1609 -0.25368     0.71
  1.1609 -0.22952     0.71
  1.1609 -0.20536     0.71
 1.1609 -0.1812    0.71
  1.1609 -0.15704     0.71
  1.1609 -0.13288     0.71
  1.1609 -0.10872     0.71
  1.1609 -0.08456     0.71
 1.1609 -0.0604    0.71
  1.1609 -0.03624     0.71
  1.1609 -0.01208     0.71
 1.1609 0.01208    0.71
 1.1609 0.03624    0.71
1.1609 0.0604   0.71
 1.1609 0.08456    0.71
 1.1609 0.10872    0.71
 1.1609 0.13288    0.71
 1.1609 0.15704    0.71
1.1609 0.1812   0.71
 1.1609 0.20536    0.71
 1.1609 0.22952    0.71
 1.1609 0.25368    0.71
 1.1609 0.27784    0.71
1.1609  0.302   0.71
 1.1609 0.32616    0.71
 1.1609 0.35032    0.71
 1.1609 0.37448    0.71
 1.1609 0.39864    0.71
1.1609 0.4228   0.71
 1.1609 0.44696    0.71
 1.1609 0.47112    0.71
 1.1609 0.49528    0.71
 1.1609 0.51944    0.71
1.1609 0.5436   0.71
 1.1609 0.56776    0.71
 1.1609 0.59192    0.71
 1.18763 -0.59192     0.71
 1.18763 -0.56776     0.71
1.18763 -0.5436    0.71
 1.18763 -0.51944     0.71
 1.18763 -0.49528     0.71
 1.18763 -0.47112     0.71
 1.18763 -0.44696     0.71
1.18763 -0.4228    0.71
 1.18763 -0.39864     0.71
 1.18763 -0.37448     0.71
 1.18763 -0.35032     0.71
 1.18763 -0.32616     0.71
1.18763  -0.302    0.71
 1.18763 -0.27784     0.71
 1.18763 -0.25368     0.71
 1.18763 -0.22952     0.71
 1.18763 -0.20536     0.71
1.18763 -0.1812    0.71
 1.18763 -0.15704     0.71
 1.18763 -0.13288     0.71
 1.18763 -0.10872     0.71
 1.18763 -0.08456     0.71
1.18763 -0.0604    0.71
 1.18763 -0.03624     0.71
 1.18763 -0.01208     0.71
1.18763 0.01208    0.71
1.18763 0.03624    0.71
1.18763  0.0604    0.71
1.18763 0.08456    0.71
1.18763 0.10872    0.71
1.18763 0.13288    0.71
1.18763 0.15704    0.71
1.18763  0.1812    0.71
1.18763 0.20536    0.71
1.18763 0.22952    0.71
1.18763 0.25368    0.71
1.18763 0.27784    0.71
1.18763   0.302    0.71
1.18763 0.32616    0.71
1.18763 0.35032    0.71
1.18763 0.37448    0.71
1.18763 0.39864    0.71
1.18763  0.4228    0.71
1.18763 0.44696    0.71
1.18763 0.47112    0.71
1.18763 0.49528    0.71
1.18763 0.51944    0.71
1.18763  0.5436    0.71
1.18763 0.56776    0.71
1.18763 0.59192    0.71
