  0.79118 -0.557177      0.71  0.731793 -0.193503      0.71
  0.727996 -0.0617047       0.71  0.731793 -0.193503      0.71
 0.605017 -0.339509      0.71  0.731793 -0.193503      0.71
  0.811264 -0.0622089       0.71  0.731793 -0.193503      0.71
 0.734085 0.0740644      0.71  0.731793 -0.193503      0.71
 0.710321 -0.439505      0.71  0.731793 -0.193503      0.71
  0.73745 0.0800706      0.71  0.731793 -0.193503      0.71
  0.565823 -0.0345777       0.71  0.731793 -0.193503      0.71
 0.684718 -0.368943      0.71  0.731793 -0.193503      0.71
 0.927648 -0.235117      0.71  0.731793 -0.193503      0.71
 0.476848 -0.133882      0.71  0.731793 -0.193503      0.71
  0.838131 -0.0244826       0.71  0.731793 -0.193503      0.71
  0.758559 -0.0624885       0.71  0.731793 -0.193503      0.71
0.764368 0.122754     0.71  0.731793 -0.193503      0.71
 0.675453 -0.243785      0.71  0.731793 -0.193503      0.71
 0.716477 -0.395024      0.71  0.731793 -0.193503      0.71
 0.788445 -0.440674      0.71  0.731793 -0.193503      0.71
  0.730487 -0.0168822       0.71  0.731793 -0.193503      0.71
 0.667317 -0.261317      0.71  0.731793 -0.193503      0.71
 0.563605 -0.134323      0.71  0.731793 -0.193503      0.71
 0.805575 -0.170475      0.71  0.731793 -0.193503      0.71
  0.872371 -0.0661599       0.71  0.731793 -0.193503      0.71
 0.739573 -0.565798      0.71  0.731793 -0.193503      0.71
 0.791646 -0.430946      0.71  0.731793 -0.193503      0.71
 0.771808 -0.136469      0.71  0.731793 -0.193503      0.71
 0.731488 -0.455758      0.71  0.731793 -0.193503      0.71
  0.78488 -0.231477      0.71  0.731793 -0.193503      0.71
 0.627347 -0.178243      0.71  0.731793 -0.193503      0.71
 0.803981 -0.075105      0.71  0.731793 -0.193503      0.71
 0.686114 -0.147155      0.71  0.731793 -0.193503      0.71
 0.610553 -0.364994      0.71  0.731793 -0.193503      0.71
   0.73836 -0.0472701       0.71  0.731793 -0.193503      0.71
 0.773819 -0.102609      0.71  0.731793 -0.193503      0.71
 0.660833 -0.299461      0.71  0.731793 -0.193503      0.71
  0.559374 -0.0872992       0.71  0.731793 -0.193503      0.71
 0.734078 -0.421438      0.71  0.731793 -0.193503      0.71
 0.781607 -0.546535      0.71  0.731793 -0.193503      0.71
 0.876827 -0.239047      0.71  0.731793 -0.193503      0.71
  0.908874 -0.0858422       0.71  0.731793 -0.193503      0.71
0.609142 -0.26366     0.71  0.731793 -0.193503      0.71
 0.790729 -0.193066      0.71  0.731793 -0.193503      0.71
 0.906267 -0.283901      0.71  0.731793 -0.193503      0.71
 0.670392 -0.292347      0.71  0.731793 -0.193503      0.71
 0.711212 -0.599041      0.71  0.731793 -0.193503      0.71
 0.783871 0.0470118      0.71  0.731793 -0.193503      0.71
 0.638458 -0.362424      0.71  0.731793 -0.193503      0.71
 0.452569 -0.208996      0.71  0.731793 -0.193503      0.71
   0.715883 0.000993913        0.71  0.731793 -0.193503      0.71
 0.903931 -0.269197      0.71  0.731793 -0.193503      0.71
 0.757872 -0.308386      0.71  0.731793 -0.193503      0.71
 0.700487 -0.244957      0.71  0.731793 -0.193503      0.71
  0.622978 -0.0836754       0.71  0.731793 -0.193503      0.71
 0.690988 -0.255414      0.71  0.731793 -0.193503      0.71
0.865737 0.142798     0.71  0.731793 -0.193503      0.71
 0.670009 -0.154723      0.71  0.731793 -0.193503      0.71
0.747865 0.128963     0.71  0.731793 -0.193503      0.71
 0.659083 0.0259117      0.71  0.731793 -0.193503      0.71
 0.784877 -0.190575      0.71  0.731793 -0.193503      0.71
 0.851255 -0.213303      0.71  0.731793 -0.193503      0.71
  0.73938 -0.346284      0.71  0.731793 -0.193503      0.71
 0.834559 0.0923424      0.71  0.731793 -0.193503      0.71
  0.91962 -0.263031      0.71  0.731793 -0.193503      0.71
  0.47991 -0.208434      0.71  0.731793 -0.193503      0.71
 0.833325 -0.398341      0.71  0.731793 -0.193503      0.71
 0.817653 -0.205008      0.71  0.731793 -0.193503      0.71
  0.638641 -0.0876612       0.71  0.731793 -0.193503      0.71
 0.852206 0.0641499      0.71  0.731793 -0.193503      0.71
  0.657838 -0.0012894       0.71  0.731793 -0.193503      0.71
0.794907 0.101777     0.71  0.731793 -0.193503      0.71
 0.584313 -0.293282      0.71  0.731793 -0.193503      0.71
 0.682569 -0.165104      0.71  0.731793 -0.193503      0.71
 0.613985 -0.314106      0.71  0.731793 -0.193503      0.71
  0.588895 -0.0118243       0.71  0.731793 -0.193503      0.71
0.498321 -0.23732     0.71  0.731793 -0.193503      0.71
  0.80743 -0.507996      0.71  0.731793 -0.193503      0.71
 0.646004 -0.045387      0.71  0.731793 -0.193503      0.71
 0.697564 -0.449122      0.71  0.731793 -0.193503      0.71
 0.618381 -0.251652      0.71  0.731793 -0.193503      0.71
 0.610463 -0.209955      0.71  0.731793 -0.193503      0.71
 0.930488 -0.174507      0.71  0.731793 -0.193503      0.71
 0.771334 -0.148205      0.71  0.731793 -0.193503      0.71
0.700775  -0.2039     0.71  0.731793 -0.193503      0.71
 0.879851 -0.341057      0.71  0.731793 -0.193503      0.71
0.690855 -0.44783     0.71  0.731793 -0.193503      0.71
 0.652425 -0.288819      0.71  0.731793 -0.193503      0.71
   0.6311 -0.378358      0.71  0.731793 -0.193503      0.71
 0.790904 0.0405876      0.71  0.731793 -0.193503      0.71
 0.857833 -0.372281      0.71  0.731793 -0.193503      0.71
 0.797303 -0.370711      0.71  0.731793 -0.193503      0.71
 0.831279 -0.126634      0.71  0.731793 -0.193503      0.71
0.779853 0.140779     0.71  0.731793 -0.193503      0.71
 0.787519 -0.537375      0.71  0.731793 -0.193503      0.71
 0.878638 -0.172013      0.71  0.731793 -0.193503      0.71
 0.933297 -0.176822      0.71  0.731793 -0.193503      0.71
 0.648699 -0.393628      0.71  0.731793 -0.193503      0.71
 0.661916 -0.309578      0.71  0.731793 -0.193503      0.71
 0.872891 0.0205046      0.71  0.731793 -0.193503      0.71
0.787526 0.128039     0.71  0.731793 -0.193503      0.71
 0.748673 -0.185978      0.71  0.731793 -0.193503      0.71
0.755255 0.126316     0.71  0.731793 -0.193503      0.71
 0.587265 -0.167339      0.71  0.731793 -0.193503      0.71
 0.820976 0.0181496      0.71  0.731793 -0.193503      0.71
  0.696812 -0.0807715       0.71  0.731793 -0.193503      0.71
 0.760161 -0.165255      0.71  0.731793 -0.193503      0.71
0.781917 -0.46388     0.71  0.731793 -0.193503      0.71
   0.578131 -0.00428077        0.71  0.731793 -0.193503      0.71
   0.744459 -0.00925214        0.71  0.731793 -0.193503      0.71
 0.574858 -0.216258      0.71  0.731793 -0.193503      0.71
 0.697101 0.0774196      0.71  0.731793 -0.193503      0.71
 0.779685 -0.286291      0.71  0.731793 -0.193503      0.71
 0.925995 -0.305346      0.71  0.731793 -0.193503      0.71
 0.539351 -0.219965      0.71  0.731793 -0.193503      0.71
0.620667 -0.39813     0.71  0.731793 -0.193503      0.71
 0.801727 0.0183896      0.71  0.731793 -0.193503      0.71
  0.683057 -0.0337128       0.71  0.731793 -0.193503      0.71
 0.877182 -0.139661      0.71  0.731793 -0.193503      0.71
 0.670822 -0.358346      0.71  0.731793 -0.193503      0.71
 0.853508 -0.278243      0.71  0.731793 -0.193503      0.71
 0.671451 -0.348379      0.71  0.731793 -0.193503      0.71
 0.590046 -0.173641      0.71  0.731793 -0.193503      0.71
 0.536645 -0.207244      0.71  0.731793 -0.193503      0.71
 0.791722 -0.484023      0.71  0.731793 -0.193503      0.71
  0.76601 -0.379661      0.71  0.731793 -0.193503      0.71
 0.767666 -0.416248      0.71  0.731793 -0.193503      0.71
 0.584394 -0.285764      0.71  0.731793 -0.193503      0.71
 0.74477 -0.57376     0.71  0.731793 -0.193503      0.71
 0.641922 -0.104133      0.71  0.731793 -0.193503      0.71
 0.754459 -0.530559      0.71  0.731793 -0.193503      0.71
 0.722876 -0.147201      0.71  0.731793 -0.193503      0.71
  0.758004 -0.0834696       0.71  0.731793 -0.193503      0.71
0.856866 0.128711     0.71  0.731793 -0.193503      0.71
   0.655167 -0.00515539        0.71  0.731793 -0.193503      0.71
 0.734631 0.0885796      0.71  0.731793 -0.193503      0.71
   0.84963 -0.0842523       0.71  0.731793 -0.193503      0.71
 0.523119 -0.217513      0.71  0.731793 -0.193503      0.71
 0.932584 -0.261062      0.71  0.731793 -0.193503      0.71
  0.866141 -0.0198151       0.71  0.731793 -0.193503      0.71
  0.741287 -0.0758366       0.71  0.731793 -0.193503      0.71
 0.883788 -0.324723      0.71  0.731793 -0.193503      0.71
 0.634408 -0.358928      0.71  0.731793 -0.193503      0.71
  0.80253 -0.498976      0.71  0.731793 -0.193503      0.71
  0.897575 -0.0741721       0.71  0.731793 -0.193503      0.71
 0.668226 -0.238261      0.71  0.731793 -0.193503      0.71
 0.694296 -0.268527      0.71  0.731793 -0.193503      0.71
  0.842121 0.00671637       0.71  0.731793 -0.193503      0.71
 0.811564 -0.349122      0.71  0.731793 -0.193503      0.71
0.506482 -0.18567     0.71  0.731793 -0.193503      0.71
  0.634787 0.00766731       0.71  0.731793 -0.193503      0.71
 0.710033 -0.416332      0.71  0.731793 -0.193503      0.71
0.735332 -0.36747     0.71  0.731793 -0.193503      0.71
 0.557831 -0.272673      0.71  0.731793 -0.193503      0.71
 0.799969 -0.157227      0.71  0.731793 -0.193503      0.71
 0.947439 -0.255246      0.71  0.731793 -0.193503      0.71
 0.809382 -0.486363      0.71  0.731793 -0.193503      0.71
  0.620433 -0.0692912       0.71  0.731793 -0.193503      0.71
 0.759318 -0.407682      0.71  0.731793 -0.193503      0.71
 0.663803 -0.220538      0.71  0.731793 -0.193503      0.71
  0.641961 -0.0427219       0.71  0.731793 -0.193503      0.71
   0.83574 0.00687621       0.71  0.731793 -0.193503      0.71
  0.705023 -0.0597891       0.71  0.731793 -0.193503      0.71
 0.688487 -0.257776      0.71  0.731793 -0.193503      0.71
 0.798809 -0.201337      0.71  0.731793 -0.193503      0.71
 0.928885 -0.260181      0.71  0.731793 -0.193503      0.71
 0.682549 0.0203087      0.71  0.731793 -0.193503      0.71
 0.737313 -0.023172      0.71  0.731793 -0.193503      0.71
  0.75807 -0.367586      0.71  0.731793 -0.193503      0.71
 0.795232 0.0984648      0.71  0.731793 -0.193503      0.71
0.564193 -0.30679     0.71  0.731793 -0.193503      0.71
 0.789363 -0.368893      0.71  0.731793 -0.193503      0.71
 0.808418 -0.320595      0.71  0.731793 -0.193503      0.71
0.533349  -0.1397     0.71  0.731793 -0.193503      0.71
0.837257 -0.03254     0.71  0.731793 -0.193503      0.71
 0.630297 -0.115302      0.71  0.731793 -0.193503      0.71
 0.759713 -0.292552      0.71  0.731793 -0.193503      0.71
 0.726059 -0.054837      0.71  0.731793 -0.193503      0.71
  0.704785 -0.0507323       0.71  0.731793 -0.193503      0.71
 0.596182 -0.158606      0.71  0.731793 -0.193503      0.71
  0.48383 -0.259462      0.71  0.731793 -0.193503      0.71
  0.70267 -0.276143      0.71  0.731793 -0.193503      0.71
   0.768444 -0.00116228        0.71  0.731793 -0.193503      0.71
 0.821086 -0.075545      0.71  0.731793 -0.193503      0.71
  0.598684 -0.0196076       0.71  0.731793 -0.193503      0.71
0.827536 0.129086     0.71  0.731793 -0.193503      0.71
0.746418 0.149587     0.71  0.731793 -0.193503      0.71
 0.535137 -0.210506      0.71  0.731793 -0.193503      0.71
0.875613 0.159725     0.71  0.731793 -0.193503      0.71
 0.918006 -0.252206      0.71  0.731793 -0.193503      0.71
 0.942979 -0.245313      0.71  0.731793 -0.193503      0.71
  0.70336 -0.489888      0.71  0.731793 -0.193503      0.71
 0.664448 -0.315928      0.71  0.731793 -0.193503      0.71
 0.746468 -0.116551      0.71  0.731793 -0.193503      0.71
 0.656455 -0.397379      0.71  0.731793 -0.193503      0.71
 0.840018 -0.201495      0.71  0.731793 -0.193503      0.71
 0.840344 -0.375653      0.71  0.731793 -0.193503      0.71
 0.678374 -0.136244      0.71  0.731793 -0.193503      0.71
 0.706073 -0.302542      0.71  0.731793 -0.193503      0.71
 0.858968 -0.159396      0.71  0.731793 -0.193503      0.71
  0.869684 -0.0905488       0.71  0.731793 -0.193503      0.71
 0.746708 -0.234608      0.71  0.731793 -0.193503      0.71
 0.905071 -0.146196      0.71  0.731793 -0.193503      0.71
 0.635091 -0.351191      0.71  0.731793 -0.193503      0.71
 0.651157 -0.346395      0.71  0.731793 -0.193503      0.71
 0.829265 -0.173899      0.71  0.731793 -0.193503      0.71
 0.666747 -0.017622      0.71  0.731793 -0.193503      0.71
 0.518607 -0.185231      0.71  0.731793 -0.193503      0.71
 0.66548 -0.35167     0.71  0.731793 -0.193503      0.71
 0.77209 0.111657     0.71  0.731793 -0.193503      0.71
 0.690455 -0.259911      0.71  0.731793 -0.193503      0.71
  0.882676 -0.0772928       0.71  0.731793 -0.193503      0.71
 0.881724 -0.214908      0.71  0.731793 -0.193503      0.71
  0.75604 0.0849787      0.71  0.731793 -0.193503      0.71
 0.776446 -0.230389      0.71  0.731793 -0.193503      0.71
 0.757788 -0.579371      0.71  0.731793 -0.193503      0.71
  0.600121 -0.0764522       0.71  0.731793 -0.193503      0.71
0.763027 -0.49002     0.71  0.731793 -0.193503      0.71
 0.953265 -0.244956      0.71  0.731793 -0.193503      0.71
 0.623955 -0.407995      0.71  0.731793 -0.193503      0.71
 0.648248 -0.385368      0.71  0.731793 -0.193503      0.71
 0.474542 -0.233016      0.71  0.731793 -0.193503      0.71
  0.79495 -0.173139      0.71  0.731793 -0.193503      0.71
 0.634896 -0.183752      0.71  0.731793 -0.193503      0.71
  0.630753 -0.0877804       0.71  0.731793 -0.193503      0.71
 0.634032 -0.281171      0.71  0.731793 -0.193503      0.71
 0.751353 0.0893773      0.71  0.731793 -0.193503      0.71
 0.537935 -0.278671      0.71  0.731793 -0.193503      0.71
 0.643864 0.0155598      0.71  0.731793 -0.193503      0.71
 0.834381 -0.258004      0.71  0.731793 -0.193503      0.71
 0.778606 -0.475244      0.71  0.731793 -0.193503      0.71
 0.645895 -0.115499      0.71  0.731793 -0.193503      0.71
0.947358 -0.23261     0.71  0.731793 -0.193503      0.71
  0.78302 -0.196256      0.71  0.731793 -0.193503      0.71
  0.565431 -0.0250867       0.71  0.731793 -0.193503      0.71
  0.4764 -0.11927     0.71  0.731793 -0.193503      0.71
 0.668165 0.0253286      0.71  0.731793 -0.193503      0.71
 0.756096 -0.371332      0.71  0.731793 -0.193503      0.71
 0.687631 -0.376434      0.71  0.731793 -0.193503      0.71
 0.843017 -0.263958      0.71  0.731793 -0.193503      0.71
 0.938304 -0.220773      0.71  0.731793 -0.193503      0.71
0.841661 -0.12998     0.71  0.731793 -0.193503      0.71
 0.656259 -0.322688      0.71  0.731793 -0.193503      0.71
 0.858253 -0.247591      0.71  0.731793 -0.193503      0.71
 0.819057 -0.478891      0.71  0.731793 -0.193503      0.71
 0.785371 0.0915277      0.71  0.731793 -0.193503      0.71
 0.516561 -0.133027      0.71  0.731793 -0.193503      0.71
 0.780784 -0.410365      0.71  0.731793 -0.193503      0.71
0.550347 -0.19306     0.71  0.731793 -0.193503      0.71
0.479828 -0.23566     0.71  0.731793 -0.193503      0.71
 0.704537 -0.499372      0.71  0.731793 -0.193503      0.71
 0.767653 -0.100807      0.71  0.731793 -0.193503      0.71
 0.632659 -0.230211      0.71  0.731793 -0.193503      0.71
 0.570717 -0.149179      0.71  0.731793 -0.193503      0.71
 0.855698 0.0624032      0.71  0.731793 -0.193503      0.71
 0.699335 -0.279186      0.71  0.731793 -0.193503      0.71
  0.674622 -0.0493839       0.71  0.731793 -0.193503      0.71
 0.852876 -0.243594      0.71  0.731793 -0.193503      0.71
0.788417 0.111139     0.71  0.731793 -0.193503      0.71
0.649403 -0.41195     0.71  0.731793 -0.193503      0.71
 0.877465 -0.342403      0.71  0.731793 -0.193503      0.71
0.882279 0.158059     0.71  0.731793 -0.193503      0.71
0.897457 -0.15644     0.71  0.731793 -0.193503      0.71
0.754709 0.151301     0.71  0.731793 -0.193503      0.71
  0.54264 -0.102091      0.71  0.731793 -0.193503      0.71
   0.63114 -0.0568171       0.71  0.731793 -0.193503      0.71
 0.901239 -0.161959      0.71  0.731793 -0.193503      0.71
 0.743618 -0.375175      0.71  0.731793 -0.193503      0.71
0.729484 -0.33116     0.71  0.731793 -0.193503      0.71
 0.772241 -0.460427      0.71  0.731793 -0.193503      0.71
 0.819297 -0.189499      0.71  0.731793 -0.193503      0.71
  0.553629 -0.0625021       0.71  0.731793 -0.193503      0.71
 0.877764 0.0776688      0.71  0.731793 -0.193503      0.71
0.712587 -0.30373     0.71  0.731793 -0.193503      0.71
 0.782297 -0.237443      0.71  0.731793 -0.193503      0.71
 0.837536 -0.294818      0.71  0.731793 -0.193503      0.71
0.790655 -0.20055     0.71  0.731793 -0.193503      0.71
0.866966 0.151562     0.71  0.731793 -0.193503      0.71
0.870913 0.149466     0.71  0.731793 -0.193503      0.71
  0.762759 -0.0635347       0.71  0.731793 -0.193503      0.71
 0.686498 -0.432036      0.71  0.731793 -0.193503      0.71
 0.670378 0.0510083      0.71  0.731793 -0.193503      0.71
 0.658992 -0.160166      0.71  0.731793 -0.193503      0.71
 0.850309 0.0623677      0.71  0.731793 -0.193503      0.71
 0.773374 -0.218787      0.71  0.731793 -0.193503      0.71
0.572282 -0.30243     0.71  0.731793 -0.193503      0.71
 0.655552 -0.362563      0.71  0.731793 -0.193503      0.71
  0.757461 -0.0452114       0.71  0.731793 -0.193503      0.71
0.783427 -0.17803     0.71  0.731793 -0.193503      0.71
 0.850653 0.0586577      0.71  0.731793 -0.193503      0.71
0.864727 0.145306     0.71  0.731793 -0.193503      0.71
  0.69852 -0.280755      0.71  0.731793 -0.193503      0.71
0.738073 -0.55711     0.71  0.731793 -0.193503      0.71
 0.802956 -0.486426      0.71  0.731793 -0.193503      0.71
 0.674929 -0.185986      0.71  0.731793 -0.193503      0.71
 0.644684 -0.156157      0.71  0.731793 -0.193503      0.71
 0.609609 -0.279984      0.71  0.731793 -0.193503      0.71
0.658727 -0.41268     0.71  0.731793 -0.193503      0.71
 0.739612 -0.536896      0.71  0.731793 -0.193503      0.71
 0.486116 -0.204097      0.71  0.731793 -0.193503      0.71
0.645281 -0.34767     0.71  0.731793 -0.193503      0.71
  0.870784 -0.0619156       0.71  0.731793 -0.193503      0.71
 0.728553 -0.160721      0.71  0.731793 -0.193503      0.71
 0.665801 -0.449694      0.71  0.731793 -0.193503      0.71
  0.664063 -0.0801935       0.71  0.731793 -0.193503      0.71
 0.647502 -0.270125      0.71  0.731793 -0.193503      0.71
 0.715959 -0.497396      0.71  0.731793 -0.193503      0.71
 0.529227 -0.197323      0.71  0.731793 -0.193503      0.71
 0.581314 -0.116245      0.71  0.731793 -0.193503      0.71
 0.746531 -0.564212      0.71  0.731793 -0.193503      0.71
 0.657499 -0.442496      0.71  0.731793 -0.193503      0.71
 0.815895 -0.182703      0.71  0.731793 -0.193503      0.71
  0.883666 -0.0453821       0.71  0.731793 -0.193503      0.71
  0.776522 -0.0543543       0.71  0.731793 -0.193503      0.71
 0.533158 -0.107866      0.71  0.731793 -0.193503      0.71
  0.787481 -0.0146991       0.71  0.731793 -0.193503      0.71
 0.947542 -0.250925      0.71  0.731793 -0.193503      0.71
 0.584227 -0.304071      0.71  0.731793 -0.193503      0.71
 0.732968 -0.490911      0.71  0.731793 -0.193503      0.71
0.748067  0.14378     0.71  0.731793 -0.193503      0.71
0.743166 -0.18411     0.71  0.731793 -0.193503      0.71
 0.724607 -0.547285      0.71  0.731793 -0.193503      0.71
 0.491917 -0.137617      0.71  0.731793 -0.193503      0.71
  0.686335 -0.0495775       0.71  0.731793 -0.193503      0.71
 0.731436 -0.499866      0.71  0.731793 -0.193503      0.71
  0.72273 -0.215118      0.71  0.731793 -0.193503      0.71
  0.75912 -0.190436      0.71  0.731793 -0.193503      0.71
   0.797319 -0.00999934        0.71  0.731793 -0.193503      0.71
 0.823643 -0.466443      0.71  0.731793 -0.193503      0.71
 0.704021 -0.340187      0.71  0.731793 -0.193503      0.71
   0.632258 -0.00955429        0.71  0.731793 -0.193503      0.71
  0.75757 -0.465343      0.71  0.731793 -0.193503      0.71
 0.867466 -0.207784      0.71  0.731793 -0.193503      0.71
  0.879144 -0.0989979       0.71  0.731793 -0.193503      0.71
  0.688724 -0.0626758       0.71  0.731793 -0.193503      0.71
 0.662776 -0.423913      0.71  0.731793 -0.193503      0.71
 0.738517 -0.101788      0.71  0.731793 -0.193503      0.71
 0.810224 0.0364879      0.71  0.731793 -0.193503      0.71
 0.727384 -0.192797      0.71  0.731793 -0.193503      0.71
 0.771923 -0.420572      0.71  0.731793 -0.193503      0.71
 0.729366 -0.167802      0.71  0.731793 -0.193503      0.71
 0.849383 -0.147136      0.71  0.731793 -0.193503      0.71
  0.581716 -0.0187943       0.71  0.731793 -0.193503      0.71
  0.640298 -0.0481429       0.71  0.731793 -0.193503      0.71
 0.891109 0.0708339      0.71  0.731793 -0.193503      0.71
  0.704365 -0.0817037       0.71  0.731793 -0.193503      0.71
 0.812872 0.0770209      0.71  0.731793 -0.193503      0.71
 0.679196 -0.409621      0.71  0.731793 -0.193503      0.71
  0.73752 -0.499507      0.71  0.731793 -0.193503      0.71
 0.758929 -0.405904      0.71  0.731793 -0.193503      0.71
 0.838433 0.0532408      0.71  0.731793 -0.193503      0.71
 0.732955 -0.381666      0.71  0.731793 -0.193503      0.71
 0.781498 -0.216364      0.71  0.731793 -0.193503      0.71
 0.818817 -0.303043      0.71  0.731793 -0.193503      0.71
 0.813888 -0.177395      0.71  0.731793 -0.193503      0.71
 0.786371 -0.224759      0.71  0.731793 -0.193503      0.71
  0.855053 -0.0246022       0.71  0.731793 -0.193503      0.71
0.545149 -0.14061     0.71  0.731793 -0.193503      0.71
 0.79151 0.134253     0.71  0.731793 -0.193503      0.71
 0.790083 0.0292865      0.71  0.731793 -0.193503      0.71
 0.491765 -0.170008      0.71  0.731793 -0.193503      0.71
  0.900123 -0.0999079       0.71  0.731793 -0.193503      0.71
0.773662  0.11314     0.71  0.731793 -0.193503      0.71
