 0.287229 -0.126495  0.581165
 0.275184 0.0567049  0.618798
  0.269256 -0.0125305   0.603056
 0.274092 0.0432206   0.61966
0.268266 0.127471 0.619866
  0.278603 -0.0687731   0.600697
0.268337 0.126355 0.620191
  0.26474 0.0942629  0.603824
   0.27654 -0.0438235   0.609247
  0.280538 -0.0525913   0.597574
  0.25286 0.0807752  0.590679
 0.270682 0.0580038  0.621135
 0.275189 0.0528892  0.618457
0.266998 0.133159 0.619239
   0.276614 -0.00418125    0.610697
  0.278252 -0.0602897   0.606513
  0.283973 -0.0951235   0.596703
 0.273512 0.0851377  0.620661
  0.275286 -0.0105283    0.61256
 0.266025 0.0678844  0.600894
  0.279805 0.00293967   0.610237
 0.271077 0.0267585   0.61909
  0.28537 -0.114174  0.580522
 0.283913 -0.093624  0.597119
0.278904 0.021194 0.611019
  0.280724 -0.0803474   0.598766
  0.279351 -0.0264986    0.60816
 0.273331 0.0343096  0.609229
 0.274412 0.0358021  0.618631
 0.276991 0.0322241   0.61112
  0.270127 -0.0223835   0.600627
0.275362 0.061485 0.619461
 0.277671 0.0259737  0.614153
  0.273789 -0.0190581    0.61474
 0.263959 0.0871291  0.604823
    0.2796 -0.0713383   0.602682
 0.286479 -0.120748  0.583469
 0.280813 -0.041114  0.602862
  0.272028 0.00746665   0.613643
  0.270536 0.00571087   0.609945
   0.279516 -0.00505022    0.609277
  0.281546 -0.0671802   0.595447
  0.274543 -0.0202249   0.614869
 0.284013 -0.118929  0.576828
 0.27088 0.107345 0.619912
 0.272574 -0.028416  0.606628
 0.252099 0.0444201  0.589878
0.271877 0.101144 0.618552
  0.281317 -0.0586625   0.597229
  0.281586 -0.0529642    0.60614
  0.279003 -0.0145206   0.607924
  0.27301 0.0680178  0.608138
 0.278446 -0.016071  0.608288
0.267568 0.144715 0.612146
 0.276737 0.0309203  0.609496
0.266987 0.137594  0.61733
0.271903 0.102195 0.611409
   0.278976 -0.00239334    0.609752
  0.280057 -0.0222342   0.606297
  0.279406 -0.0560221   0.608037
0.267273 0.116434 0.619913
  0.281489 -0.0605524   0.596213
 0.254565 0.0472976  0.597461
  0.284675 -0.0962611   0.595822
  0.279793 -0.0118419   0.608118
  0.27405 0.0619664   0.60986
 0.268099 0.0925254   0.62047
  0.27367 0.0863154  0.612023
0.266811 0.123741 0.622066
 0.267687 0.0058098  0.600416
 0.277962 0.0241149  0.609202
   0.270348 -0.00847619    0.606928
0.267237 0.100544  0.60642
 0.257933 0.0328862  0.595395
 0.286674 -0.117764  0.587524
 0.273115 0.0761027  0.612458
  0.277932 -0.0668136   0.598946
  0.270869 0.00746095   0.612191
 0.271848 0.0238058  0.606939
  0.275756 -0.0380653   0.603803
 0.279359 0.0183242  0.610224
  0.278669 0.00317944    0.60743
  0.283967 -0.0906483   0.592383
   0.27759 -0.0645003   0.598964
  0.273304 -0.0139834    0.61377
  0.272029 -0.0295795   0.602591
0.271052 0.103094 0.620452
  0.285696 -0.0907382   0.594723
  0.283174 -0.0810564   0.600967
  0.275845 0.00533873   0.616508
0.267166 0.146372 0.615957
 0.286671 -0.119848  0.584335
  0.279789 -0.0155248   0.606559
  0.276535 -0.0388544   0.603222
  0.274091 -0.0376061   0.601139
  0.273963 -0.0216295   0.614106
 0.268707 0.0646446  0.619779
0.266919  0.13909 0.618403
  0.279389 0.00201369   0.609232
0.266671 0.135069 0.618353
 0.269282 0.0495376  0.602206
 0.270199 0.0853326  0.621452
0.275428 0.047769 0.617698
0.279897  0.01045 0.609211
  0.283992 -0.0989835   0.595777
0.265083 0.109768 0.605753
 0.273679 0.0888453  0.619905
  0.26755 0.0305855  0.602969
0.268088 0.133905  0.61562
  0.282888 -0.0489845   0.604853
  0.281641 -0.0838359   0.590812
 0.262987 0.0336328  0.601908
  0.272042 -0.0316235   0.595535
 0.270399 0.0910609  0.620887
 0.272577 0.0843343  0.617594
  0.274094 -0.0121745   0.614191
  0.275197 -0.0371065   0.609247
  0.280932 -0.0568546   0.601395
  0.274989 -0.0355801   0.610233
 0.269369 0.0452428  0.603551
 0.262446 0.0386661  0.601861
 0.285602 -0.106924  0.591933
 0.281096 -0.071976  0.603657
  0.281795 -0.0814042   0.601114
  0.267716 0.00870806   0.600369
 0.285171 -0.118607  0.580724
 0.274287 0.0582043  0.610172
 0.284805 -0.108296  0.587007
 0.278588 0.0260335  0.611432
 0.276223 0.0396632  0.616627
 0.26733 0.136458 0.615704
 0.273838 0.0845366  0.612127
0.268085  0.12609 0.619933
 0.273225 0.0229842   0.61901
 0.261209 0.0379348  0.597843
  0.281122 -0.0657963   0.594048
0.270247 0.048565 0.619854
0.276681 0.043647 0.616893
  0.282224 -0.0823645    0.59449
  0.272238 -0.0270979   0.606764
 0.286219 -0.113856  0.588929
   0.2713 0.0155032   0.61598
    0.275702 -0.000312785     0.611272
  0.277613 -0.0220595   0.609512
 0.269196 0.0703194  0.621245
  0.284168 -0.0752824   0.601209
  0.25822 0.0525952  0.596038
 0.271571 0.0984105  0.609357
  0.278236 -0.0630473   0.605011
  0.279041 -0.0595739   0.607647
0.264828 0.016011 0.602191
0.280055 0.010084 0.610256
  0.281002 -0.0681608   0.592825
  0.28654 -0.112364  0.589108
 0.272702 0.0687755  0.608099
  0.280908 -0.0764064   0.602394
  0.275638 0.00790809   0.610898
 0.272954 0.0760878  0.611563
 0.269408 0.0720304  0.621746
 0.275567 0.0591221  0.618043
  0.278107 -0.0162548   0.608674
  0.280373 -0.0113495   0.608095
   0.28121 -0.0639576   0.594726
 0.271244 0.0952364  0.617146
 0.274384 0.0777782  0.620351
  0.281046 -0.0672291   0.605316
0.267739 0.121526 0.622395
  0.266128 0.00357047   0.600474
  0.282063 -0.0780228   0.602119
  0.283779 -0.0648333   0.602915
 0.259707 0.0734994  0.600116
0.270716 0.053166 0.621589
  0.27421 0.0594648  0.608167
  0.281796 -0.0474776   0.606546
 0.274898 0.0617827  0.619177
 0.275282 0.0657937  0.618079
 0.269975 0.0528849  0.604252
 0.256243 0.0271937  0.592771
  0.277979 -0.0265738   0.609783
 0.272477 0.0886249  0.620921
 0.273955 0.0326694   0.61948
 0.268806 0.0934633  0.606928
0.266809 0.141889 0.616301
0.266885 0.143625 0.614304
 0.262375 0.0377592  0.601441
0.267365 0.154532 0.609513
  0.281239 -0.0551199    0.59739
  0.280791 -0.0617112   0.594738
 0.280686 -0.080287  0.589369
  0.274297 -0.0241984   0.613604
 0.278512 0.0264459  0.611936
 0.274916 -0.040972  0.600647
  0.280247 -0.0171055   0.607608
  0.284988 -0.0887835   0.597014
 0.276481 0.0386295  0.612469
  0.277822 -0.0344548   0.610682
   0.279342 -0.00926212    0.608509
 0.272524 0.0159165  0.617314
  0.280021 -0.0209982   0.607622
  0.273507 -0.0212448   0.611496
  0.272192 -0.0260049    0.60745
  0.273514 -0.0291539   0.608319
   0.279259 1.59705e-05    0.610304
0.272254 0.083244 0.615891
 0.259861 0.0511639  0.596377
  0.274609 -0.0339293   0.609133
0.267178 0.126802 0.620881
 0.278071 -0.017746  0.608735
 0.271755 0.0179787  0.617474
  0.280286 -0.0295184   0.604346
0.268914 0.124543 0.620792
 0.279723 -0.022266  0.608062
 0.285621 -0.124618  0.579909
 0.269811 0.0734942  0.607355
   0.28412 -0.0990361   0.592302
  0.280707 -0.0675213   0.592798
0.272742 -0.03479 0.594424
  0.273673 -0.0355831    0.60302
 0.254881 0.0339525  0.595795
   0.27952 0.00446643    0.61054
 0.274476 0.0309103  0.608979
 0.273856 0.0651391   0.60837
   0.271665 -0.00748317     0.61198
0.268365 0.124744 0.620839
 0.263156 0.0171637  0.599389
 0.272409 0.0991286   0.60956
  0.280876 -0.0463517   0.604322
 0.284209 -0.100466  0.594425
  0.27432 0.0547223  0.610856
  0.280554 -0.0583782   0.595694
   0.279018 -0.00538205    0.609179
0.264227 0.100273 0.604214
 0.252104 0.0880185  0.590945
 0.271393 0.0985124  0.613817
  0.28094 -0.067276  0.605347
  0.276769 -0.0467698   0.608402
  0.280984 -0.0516238   0.603307
  0.280027 -0.0502914   0.598005
   0.274796 0.000149069    0.616148
   0.27389 -0.0235911   0.611453
  0.280303 -0.0409124   0.603779
0.287054 -0.11348  0.58858
0.268214 0.118668  0.62268
 0.256906 0.0783738   0.59834
  0.282437 -0.0838557   0.600248
 0.263803 0.0429062  0.603398
 0.255374 0.0336667  0.595951
  0.281229 -0.0831605   0.587914
 0.277673 0.0278029  0.613612
 0.273448 0.0099283  0.610239
 0.267691 0.0596315  0.601076
 0.268482 0.0910226  0.620483
  0.277466 -0.0263893   0.610114
 0.273705 0.0755792   0.61597
   0.28047 -0.0385634   0.604332
0.267108 0.128673   0.6208
  0.274619 -0.0429298   0.597539
  0.284219 -0.0912761   0.592528
0.267961 0.153958 0.608982
  0.275285 -0.0254471   0.610527
0.266922 0.147003 0.613698
 0.261958 0.0914202  0.600277
 0.273166 0.0715376  0.608968
  0.276935 -0.0253437   0.608412
  0.280008 -0.0644141   0.606481
  0.278996 -0.0498381   0.609125
  0.282927 -0.0952982   0.597445
  0.279256 -0.0044916   0.609227
 0.262839 0.0948449  0.603679
 0.267142 0.0972292  0.618286
  0.278537 -0.0379606   0.610101
  0.279677 -0.0284512   0.607542
  0.282078 -0.0637919    0.60158
   0.279761 -0.00938417    0.608394
0.267413 0.150394 0.610853
0.267513 0.148297 0.610756
  0.27529 0.0510867  0.618417
  0.277175 -0.0588903   0.601042
 0.26903 0.115808 0.614164
 0.276042 0.0312428  0.608736
    0.268 0.0919796  0.620525
  0.279921 -0.0165462   0.608001
  0.266489 0.00438537   0.600679
  0.273649 -0.0326287   0.607768
 0.274505 0.0651153  0.619074
   0.27863 0.00540736   0.610793
 0.268387 0.0912826  0.620195
 0.26751 0.146433 0.611898
  0.277313 -0.0264263     0.6103
 0.285146 -0.111557  0.582008
 0.286134 -0.110756   0.58981
 0.277906 0.0174102  0.607894
  0.27557 0.0378008    0.6083
  0.270666 0.00199954   0.606899
   0.27517 -0.0474881   0.599763
 0.284608 -0.105422  0.585211
 0.255287 0.0488294  0.597504
  0.273099 -0.0280656   0.608071
 0.270883 0.0294368  0.619611
 0.278932 0.0183546  0.610676
  0.276667 -0.0573077   0.593706
 0.275489 0.0562822  0.613433
   0.272996 -0.00864972    0.614027
   0.28189 -0.0861892   0.589464
 0.261295 0.0444712  0.600513
0.267907 0.072181 0.604687
  0.28551 -0.115942  0.581317
  0.27596 -0.053081  0.593561
    0.279385 -0.000129943     0.609777
 0.270242 0.0332281  0.619381
 0.275038 0.0544389  0.618543
 0.260092 0.0908364  0.598951
 0.272283 0.0769195  0.622185
  0.280855 -0.0663737   0.593373
  0.267406 0.00193918   0.600597
  0.28303 -0.089432  0.591498
0.267144 0.142023 0.614408
  0.279024 0.00390437   0.609559
 0.284074 -0.103366   0.58269
 0.254387 0.0783469  0.593825
 0.273436 0.0748355  0.617774
  0.283374 -0.0912517   0.589867
   0.280208 -0.00568775     0.60746
   0.279888 -0.00179256    0.609029
 0.271147 0.0760035  0.622062
0.286908 -0.11256 0.589414
   0.27711 -0.0418103   0.610787
 0.271785 0.0920059  0.609765
  0.282678 -0.0913372   0.596393
  0.280269 -0.0220479   0.605876
  0.272584 0.00823314   0.616218
 0.274004 0.0638115  0.618262
  0.275601 -0.0507055     0.5985
 0.277598 0.0305898  0.613251
 0.270004 0.0976067  0.620454
  0.279641 0.00228334   0.608661
  0.282192 -0.0839742   0.600445
0.279039 0.014482 0.610502
   0.278257 -0.00498303     0.61039
 0.266403 0.0995959  0.605679
 0.272864 0.0739687  0.611431
 0.268291 0.0916821  0.617483
 0.276219 0.0447293  0.617069
0.268477 0.111956 0.620583
0.276276  -0.0524 0.603217
   0.28349 -0.0933856   0.590621
 0.280825 -0.075859  0.602548
 0.268506 0.0931052  0.620283
  0.279173 -0.0626408   0.606846
  0.279413 -0.0165572   0.608018
 0.283031 -0.060826  0.602555
  0.279227 0.00208125   0.610435
  0.279612 -0.0228297   0.607934
 0.271124 0.0540384  0.620579
 0.261693 0.0698889  0.602019
0.266578 0.144635 0.617085
 0.271291 0.0998789  0.620942
 0.256101 0.0609871  0.592953
  0.272374 0.00267042   0.614255
0.267236 0.127764 0.620706
