 1.15821 0.124531     0.71
0.884138 0.205779     0.71
  1.1195 0.349929     0.71
 1.03285 0.567193     0.71
0.844971 0.234239     0.71
 0.625031 -0.513223      0.71
   1.03086 0.00805311       0.71
  0.79118 -0.557177      0.71
  0.727996 -0.0617047       0.71
0.890073 0.433599     0.71
 0.605017 -0.339509      0.71
  1.17942 -0.523874      0.71
  1.18602 -0.554148      0.71
0.718167 -0.55278     0.71
0.750608 0.324409     0.71
    1.08 0.340721     0.71
  0.811264 -0.0622089       0.71
  1.14581 -0.358587      0.71
 1.02869 0.340965     0.71
0.950434 0.210942     0.71
0.785601 0.413916     0.71
0.908162 0.338651     0.71
 0.4398 0.43357    0.71
0.673108 0.290554     0.71
0.955403 0.345645     0.71
0.987958 0.302711     0.71
 0.734085 0.0740644      0.71
  1.05225 -0.405333      0.71
 1.09374 0.063946     0.71
 0.710321 -0.439505      0.71
 0.47709 0.303022     0.71
0.998212 0.281156     0.71
 1.20018 0.376101     0.71
0.989426  0.39054     0.71
   0.572657 -0.00733891        0.71
 0.622284 -0.440446      0.71
  0.73745 0.0800706      0.71
  0.565823 -0.0345777       0.71
 0.684718 -0.368943      0.71
 0.927648 -0.235117      0.71
0.612523 0.508452     0.71
 0.476848 -0.133882      0.71
0.700612 0.486275     0.71
  1.12548 -0.370152      0.71
  1.05616 -0.324883      0.71
  1.13338 -0.475018      0.71
 0.603483 -0.415962      0.71
  0.838131 -0.0244826       0.71
0.650832 0.496944     0.71
   1.0651 -0.324632      0.71
  0.758559 -0.0624885       0.71
0.764368 0.122754     0.71
 0.675453 -0.243785      0.71
 0.716477 -0.395024      0.71
   1.04916 -0.0819139       0.71
 0.788445 -0.440674      0.71
  0.730487 -0.0168822       0.71
 0.450183 -0.444987      0.71
0.882235 0.186071     0.71
0.705076 0.491466     0.71
0.411819 0.190617     0.71
   1.10669 -0.0801896       0.71
0.616692 0.409087     0.71
 1.17996 0.471954     0.71
 0.641726 -0.432171      0.71
0.887099 -0.49195     0.71
  0.411114 0.00251719       0.71
 0.977177 -0.498248      0.71
 0.667317 -0.261317      0.71
0.401018  -0.1393     0.71
  1.0214 -0.40947     0.71
 0.563605 -0.134323      0.71
0.985631 0.306681     0.71
   1.18933 -0.0467918       0.71
 0.805575 -0.170475      0.71
  1.13083 -0.221604      0.71
0.635275 0.494387     0.71
 0.899923 -0.454194      0.71
  0.872371 -0.0661599       0.71
0.550624 0.422605     0.71
0.989299 0.231892     0.71
  0.6661 0.558961     0.71
0.673158 0.269326     0.71
 0.494669 -0.340402      0.71
0.687257 0.501609     0.71
1.17247 -0.3126    0.71
 0.739573 -0.565798      0.71
0.801048 0.571129     0.71
 0.791646 -0.430946      0.71
 0.416071 -0.237974      0.71
 0.771808 -0.136469      0.71
 0.731488 -0.455758      0.71
  0.953788 -0.0965012       0.71
0.472167 0.131127     0.71
   1.09457 0.00532837       0.71
  0.78488 -0.231477      0.71
0.897359  0.56058     0.71
0.750613 0.286925     0.71
0.546143 0.319181     0.71
 0.627347 -0.178243      0.71
 0.803981 -0.075105      0.71
   1.12885 -0.0317013       0.71
0.914258 0.181662     0.71
 0.542891 -0.443781      0.71
0.701444 0.134185     0.71
  1.00249 -0.566742      0.71
   1.11171 -0.0243911       0.71
 1.13647 0.362389     0.71
0.431009 0.185242     0.71
 0.419115 -0.387113      0.71
 0.686114 -0.147155      0.71
 0.50189 0.372652     0.71
 0.610553 -0.364994      0.71
 0.545856 -0.404226      0.71
   0.73836 -0.0472701       0.71
  1.11696 -0.499601      0.71
 1.10793 -0.13991     0.71
 0.456917 -0.560234      0.71
 1.03654 0.495012     0.71
 0.54237 0.381928     0.71
 0.773819 -0.102609      0.71
0.635815 0.216873     0.71
 0.660833 -0.299461      0.71
  1.04631 -0.601761      0.71
   1.02382 -0.0732354       0.71
  0.559374 -0.0872992       0.71
   1.18215 -0.0642273       0.71
 0.974711 0.0410986      0.71
0.628696 0.576554     0.71
 0.66924 0.283377     0.71
0.994704 0.589662     0.71
 0.734078 -0.421438      0.71
 1.14561 -0.28374     0.71
 0.781607 -0.546535      0.71
0.922105 0.131716     0.71
  1.17062 -0.383502      0.71
 0.851318 -0.568171      0.71
  1.0973 0.101103     0.71
0.48287 0.13256    0.71
 0.876827 -0.239047      0.71
    0.48611 -0.00976908        0.71
  1.11826 -0.566816      0.71
0.858687  0.32705     0.71
  0.95786 0.0523092      0.71
0.968588 0.560303     0.71
  1.11012 -0.468421      0.71
0.830064 0.243421     0.71
  1.11719 -0.142229      0.71
  1.08212 -0.344363      0.71
  0.908874 -0.0858422       0.71
 1.01093 0.564363     0.71
 0.424504 -0.104513      0.71
  0.9406 0.321403     0.71
0.609142 -0.26366     0.71
0.680704 0.234099     0.71
 1.10161 0.537814     0.71
 1.00256 0.263627     0.71
 0.790729 -0.193066      0.71
  1.16118 -0.478131      0.71
 0.906267 -0.283901      0.71
 0.891404 -0.470304      0.71
 0.670392 -0.292347      0.71
 0.711212 -0.599041      0.71
0.525319 0.488446     0.71
  1.09783 0.0433895      0.71
  0.442454 -0.0509175       0.71
0.988212 0.201155     0.71
 0.511875 -0.535464      0.71
 0.783871 0.0470118      0.71
 0.638458 -0.362424      0.71
 0.505188 -0.466575      0.71
0.445816 0.206856     0.71
 0.452569 -0.208996      0.71
 1.04677 0.135179     0.71
   1.11107 0.00571315       0.71
0.442328 0.134059     0.71
  1.05833 -0.534434      0.71
 0.850333 -0.429505      0.71
   0.715883 0.000993913        0.71
 0.903931 -0.269197      0.71
0.559554 0.293272     0.71
1.01208 0.18821    0.71
 1.01082 0.533948     0.71
 0.757872 -0.308386      0.71
 0.400682 -0.175125      0.71
0.590042 0.330618     0.71
 0.900083 -0.586657      0.71
  1.12197 -0.522892      0.71
   1.1874 -0.531375      0.71
 0.408961 -0.113972      0.71
 0.93003 0.385756     0.71
   1.18247 -0.0762144       0.71
 1.13484 0.383237     0.71
0.506631 0.507534     0.71
0.542437 -0.51906     0.71
0.799593 0.533148     0.71
 0.700487 -0.244957      0.71
 0.998183 0.0805635      0.71
 1.17375 0.104518     0.71
 0.552051 0.0730595      0.71
0.634924 0.555798     0.71
0.643374 0.391538     0.71
 1.14275 0.554674     0.71
0.575762 0.371913     0.71
  0.622978 -0.0836754       0.71
 0.830022 -0.603717      0.71
  1.08832 -0.343507      0.71
 0.690988 -0.255414      0.71
 1.06472 0.505653     0.71
0.865737 0.142798     0.71
0.541579 0.493073     0.71
   1.18531 0.00706772       0.71
  1.18089 -0.315016      0.71
 0.614883 -0.531666      0.71
 0.670009 -0.154723      0.71
0.747865 0.128963     0.71
 1.01336 -0.29271     0.71
 1.15297 0.177073     0.71
 0.412057 -0.550751      0.71
0.664776 0.110571     0.71
0.560441 0.289073     0.71
 0.659083 0.0259117      0.71
 0.784877 -0.190575      0.71
  0.934002 -0.0173607       0.71
 0.495626 -0.278981      0.71
0.697755 0.247777     0.71
0.702413  0.44805     0.71
 1.13335 0.583033     0.71
 0.851255 -0.213303      0.71
  1.10058 -0.365269      0.71
0.417071 -0.40803     0.71
   1.1477 0.0971345      0.71
    1.027 -0.123513      0.71
  1.0811 0.234571     0.71
0.690888 -0.54651     0.71
  1.0185 0.309204     0.71
0.930161 0.318818     0.71
 0.472147 -0.354397      0.71
0.811497 0.357334     0.71
  0.73938 -0.346284      0.71
  1.13961 -0.408663      0.71
 1.10086 0.283169     0.71
 0.834559 0.0923424      0.71
  0.91962 -0.263031      0.71
 0.912984 0.0278586      0.71
  0.47991 -0.208434      0.71
0.596585 0.196578     0.71
0.811481 0.464271     0.71
 0.833325 -0.398341      0.71
 0.817653 -0.205008      0.71
0.738066 0.189886     0.71
 0.965424 -0.171854      0.71
0.980569 0.418054     0.71
0.810749 0.414236     0.71
  0.638641 -0.0876612       0.71
0.759859 0.215627     0.71
0.543852  0.15094     0.71
 0.553065 -0.556531      0.71
 0.852206 0.0641499      0.71
0.976842 0.223419     0.71
  0.657838 -0.0012894       0.71
0.794907 0.101777     0.71
0.980937  0.34027     0.71
0.789073 0.448211     0.71
 1.09725 0.598001     0.71
 0.436638 -0.539634      0.71
 0.584313 -0.293282      0.71
 0.665034 0.0778203      0.71
0.909474 0.336817     0.71
0.870284 0.191187     0.71
 0.682569 -0.165104      0.71
0.559499 0.386321     0.71
 0.613985 -0.314106      0.71
  0.588895 -0.0118243       0.71
0.558058 0.162068     0.71
 1.02244 0.580954     0.71
0.754391  0.25961     0.71
0.665115 0.482071     0.71
  1.00192 -0.481909      0.71
0.576808  0.11528     0.71
  0.458788 -0.0636565       0.71
0.996897 0.267961     0.71
 0.559146 -0.417241      0.71
0.498321 -0.23732     0.71
  0.80743 -0.507996      0.71
 0.519716 -0.509073      0.71
  1.13736 -0.518769      0.71
  0.532318 -0.0494757       0.71
 0.646004 -0.045387      0.71
 0.697564 -0.449122      0.71
  1.1207 0.076992     0.71
 1.06877 0.578666     0.71
0.666076 0.247236     0.71
 0.618381 -0.251652      0.71
 0.610463 -0.209955      0.71
 0.883175 -0.492887      0.71
 0.601182 0.0846232      0.71
 0.401864 -0.141776      0.71
  0.934824 0.00588379       0.71
  1.1649 0.480592     0.71
  1.02137 -0.295396      0.71
0.610063 0.185764     0.71
0.929944 0.590273     0.71
 0.930488 -0.174507      0.71
 1.15991 0.377686     0.71
 0.908806 -0.525248      0.71
0.481963 0.177478     0.71
 0.46979 0.441074     0.71
 1.12052 -0.35152     0.71
1.07852 -0.6011    0.71
1.19111 0.47665    0.71
 0.771334 -0.148205      0.71
0.927261 0.397426     0.71
0.700775  -0.2039     0.71
 0.590858 -0.570519      0.71
 0.657631 -0.518496      0.71
0.758384 0.372382     0.71
 0.879851 -0.341057      0.71
0.690855 -0.44783     0.71
 0.652425 -0.288819      0.71
   0.6311 -0.378358      0.71
0.476005 0.326848     0.71
 0.790904 0.0405876      0.71
  0.943903 -0.0746463       0.71
0.877524 0.572244     0.71
 0.857833 -0.372281      0.71
0.656009 0.447691     0.71
0.978939 0.491323     0.71
 0.634123 0.0744377      0.71
 0.797303 -0.370711      0.71
0.476324 0.571816     0.71
    1.0425 -0.0245895       0.71
  1.09031 -0.508295      0.71
 0.831279 -0.126634      0.71
 1.13338 0.100987     0.71
0.779853 0.140779     0.71
 0.787519 -0.537375      0.71
 0.878638 -0.172013      0.71
0.422619 0.491799     0.71
0.421675 0.330785     0.71
 1.14496 0.445147     0.71
  1.16891 -0.100717      0.71
   1.0695 -0.309431      0.71
  1.06989 -0.438471      0.71
   0.925192 -0.00977861        0.71
 0.933297 -0.176822      0.71
0.792815 0.507091     0.71
 1.01504 -0.24304     0.71
 1.01969 0.136549     0.71
  1.15709 -0.114062      0.71
 0.648699 -0.393628      0.71
0.532739 0.523578     0.71
0.951402 0.120519     0.71
   0.432901 -0.00146307        0.71
 0.661916 -0.309578      0.71
0.676232 0.177509     0.71
 0.872891 0.0205046      0.71
   1.10135 -0.0698327       0.71
0.752608 0.316363     0.71
 0.844545 -0.566707      0.71
0.412851 0.210565     0.71
0.417008 0.311664     0.71
0.787526 0.128039     0.71
 0.748673 -0.185978      0.71
 1.01817 0.539641     0.71
 0.867693 -0.452015      0.71
0.792981 0.502212     0.71
0.452616 0.244692     0.71
   0.96879 -0.0482554       0.71
 0.954531 0.0873137      0.71
  1.09686 0.0147357      0.71
 0.494865 -0.300192      0.71
0.424647 0.487614     0.71
0.755255 0.126316     0.71
 0.587265 -0.167339      0.71
0.507231 0.533218     0.71
0.486891 0.571677     0.71
   1.1951 -0.554888      0.71
0.509582 0.303435     0.71
 0.820976 0.0181496      0.71
  1.04517 -0.219914      0.71
 0.53603 0.176092     0.71
  0.696812 -0.0807715       0.71
 1.18603 0.445287     0.71
0.718934 0.512323     0.71
 1.16556 0.552503     0.71
0.557136 0.396349     0.71
 1.09512 0.288981     0.71
 0.760161 -0.165255      0.71
  1.09164 -0.196479      0.71
 1.08989 0.285332     0.71
0.781917 -0.46388     0.71
 0.40598 0.601226     0.71
 0.581747 -0.563784      0.71
   0.578131 -0.00428077        0.71
0.861215 0.223165     0.71
0.687132 0.355931     0.71
1.17075 0.32875    0.71
  1.16413 -0.439192      0.71
0.589239 0.402953     0.71
   0.744459 -0.00925214        0.71
 0.507907 -0.503764      0.71
  1.01365 -0.373105      0.71
 0.524368 -0.405894      0.71
 1.18964 0.320359     0.71
 0.574858 -0.216258      0.71
 1.19067 0.483416     0.71
0.452534 0.109555     0.71
 0.697101 0.0774196      0.71
0.407464 -0.10413     0.71
0.632653 0.149205     0.71
 0.779685 -0.286291      0.71
 1.05146 0.049265     0.71
   0.572581 -0.00857581        0.71
0.911946 0.379427     0.71
0.715923 0.519108     0.71
  1.09444 -0.266892      0.71
  1.04174 -0.577617      0.71
 1.07892 -0.44215     0.71
 1.10227 0.151727     0.71
 0.925995 -0.305346      0.71
 0.913487 0.0368067      0.71
0.91272 0.30686    0.71
 1.08056 0.219937     0.71
 0.539351 -0.219965      0.71
0.620667 -0.39813     0.71
 0.801727 0.0183896      0.71
0.906661 0.308365     0.71
0.504097  0.59853     0.71
0.959226 0.399306     0.71
  0.527044 -0.0239162       0.71
0.432048 0.251464     0.71
0.755825 0.332225     0.71
 0.458336 -0.494181      0.71
0.813473 0.527909     0.71
0.440815  0.53567     0.71
  0.683057 -0.0337128       0.71
 0.454078 -0.430202      0.71
  1.17564 -0.445696      0.71
0.813679 -0.59687     0.71
 0.877182 -0.139661      0.71
  1.13878 -0.110002      0.71
0.963482 0.467929     0.71
0.616067 0.595042     0.71
  1.08163 -0.195057      0.71
0.808159 0.178317     0.71
  0.88293 -0.403218      0.71
 1.10002 0.261156     0.71
 0.670822 -0.358346      0.71
0.406625 0.022192     0.71
  1.18985 -0.497572      0.71
 0.853508 -0.278243      0.71
 0.671451 -0.348379      0.71
0.825846 0.261965     0.71
0.560446 0.518715     0.71
 0.563777 -0.488727      0.71
0.410392  0.30413     0.71
0.856367 0.245296     0.71
  1.00367 -0.344844      0.71
 0.590046 -0.173641      0.71
0.455314 0.179094     0.71
0.868043 0.189015     0.71
 0.536645 -0.207244      0.71
0.966436 0.113031     0.71
   1.1766 -0.224546      0.71
 0.791722 -0.484023      0.71
  0.76601 -0.379661      0.71
0.994644 0.360339     0.71
0.458624 0.270224     0.71
0.968307 0.106055     0.71
 0.554726 0.0498694      0.71
 0.53462 0.458768     0.71
  0.957962 -0.0254681       0.71
0.739899  0.46118     0.71
 0.767666 -0.416248      0.71
 0.614993 -0.397536      0.71
0.604412 0.217529     0.71
 0.584394 -0.285764      0.71
 0.74477 -0.57376     0.71
0.629738 0.334642     0.71
0.428538 0.325485     0.71
1.01631 0.18578    0.71
0.810699 0.228761     0.71
 0.641922 -0.104133      0.71
0.967438 0.569641     0.71
1.13934 0.38477    0.71
0.808144 0.585904     0.71
 0.754459 -0.530559      0.71
 1.11825 0.436817     0.71
 0.722876 -0.147201      0.71
0.561829 0.413393     0.71
0.958845 -0.43725     0.71
  0.758004 -0.0834696       0.71
0.856866 0.128711     0.71
 0.991155 -0.339953      0.71
0.407799 0.048626     0.71
0.963258 0.538938     0.71
0.637735 0.518129     0.71
 1.04028 0.579976     0.71
 0.505082 -0.590998      0.71
  1.04832 0.0102786      0.71
0.798965 0.566245     0.71
 1.03524 0.157305     0.71
0.628371 0.219146     0.71
   0.655167 -0.00515539        0.71
 0.734631 0.0885796      0.71
 0.878783 -0.543735      0.71
 0.917486 -0.486832      0.71
 0.972447 -0.588697      0.71
 0.623691 -0.572984      0.71
0.471054 0.233238     0.71
   0.84963 -0.0842523       0.71
 0.523119 -0.217513      0.71
  1.02336 -0.503568      0.71
 0.932584 -0.261062      0.71
  0.866141 -0.0198151       0.71
 0.424248 -0.377843      0.71
 1.1588 0.30185    0.71
  1.03345 -0.180789      0.71
  0.96701 -0.109977      0.71
0.699925 0.580509     0.71
  1.14911 -0.291103      0.71
 1.15814 -0.58664     0.71
0.560184 0.121071     0.71
  0.741287 -0.0758366       0.71
 0.591449 -0.538667      0.71
 0.883788 -0.324723      0.71
 0.551562 -0.450854      0.71
 0.400628 -0.525073      0.71
  1.07113 -0.443339      0.71
 0.673504 -0.502027      0.71
0.443012 0.329288     0.71
0.938369  0.26618     0.71
 0.552684 -0.432964      0.71
0.727696 0.401264     0.71
 1.05528 0.415873     0.71
 0.881371 -0.528026      0.71
 0.634408 -0.358928      0.71
0.944792 -0.19237     0.71
 0.949464 -0.518804      0.71
0.541821 0.477441     0.71
  0.80253 -0.498976      0.71
  0.91627 -0.357357      0.71
 0.934482 -0.351255      0.71
0.552587 0.386171     0.71
  0.897575 -0.0741721       0.71
0.897036 0.436173     0.71
  0.424448 -0.0351636       0.71
0.637006 0.302154     0.71
 0.668226 -0.238261      0.71
  1.05223 -0.379294      0.71
0.549214 0.185734     0.71
  1.00277 -0.454291      0.71
 0.694296 -0.268527      0.71
  0.842121 0.00671637       0.71
0.711678 0.143479     0.71
0.631891 0.194404     0.71
0.825449 0.276483     0.71
0.537311 0.159704     0.71
 0.811564 -0.349122      0.71
0.506482 -0.18567     0.71
  1.03117 -0.300868      0.71
  1.18899 -0.487123      0.71
  0.634787 0.00766731       0.71
 0.528616 -0.355905      0.71
  0.63734 -0.551351      0.71
0.525151 0.252682     0.71
0.608717 0.233407     0.71
0.432852 0.110993     0.71
 0.678281 -0.515877      0.71
0.565369 0.410064     0.71
 1.12929 0.263152     0.71
0.911809 0.493933     0.71
 0.710033 -0.416332      0.71
 0.911462 -0.338757      0.71
  0.40049 -0.405152      0.71
0.735332 -0.36747     0.71
 0.557831 -0.272673      0.71
  1.13824 -0.180541      0.71
   0.516004 0.000588108        0.71
  1.05637 -0.171576      0.71
0.639851 0.172514     0.71
 0.503427 -0.570108      0.71
 0.630956 -0.544157      0.71
   0.914576 -0.00785145        0.71
 0.799969 -0.157227      0.71
 0.902927 -0.519552      0.71
0.774229 0.579317     0.71
  1.16479 -0.102365      0.71
 0.436145 -0.583966      0.71
0.561221 0.502392     0.71
0.634747 0.217635     0.71
 1.01452 -0.16117     0.71
0.892531 0.549957     0.71
0.763708 0.483687     0.71
   1.136 0.288279     0.71
0.442864 0.262063     0.71
 0.662924 -0.558865      0.71
 0.947439 -0.255246      0.71
 0.809382 -0.486363      0.71
  0.620433 -0.0692912       0.71
0.939853 -0.13617     0.71
 0.502164 -0.590428      0.71
 0.661645 0.0771332      0.71
 0.46682 0.207806     0.71
  1.1432 0.216113     0.71
0.648907 0.128935     0.71
0.804168 0.225985     0.71
0.858737 0.457907     0.71
 0.759318 -0.407682      0.71
   1.01248 -0.0923966       0.71
 0.663803 -0.220538      0.71
 0.598126 -0.388595      0.71
 0.682275 -0.545795      0.71
 0.492986 -0.559278      0.71
  0.641961 -0.0427219       0.71
   0.83574 0.00687621       0.71
0.882179 -0.47028     0.71
 0.90538 0.320051     0.71
0.678518 0.411235     0.71
 0.904689 -0.335746      0.71
 0.90318 -0.38035     0.71
 1.11838 0.160092     0.71
0.549455 0.577767     0.71
  0.705023 -0.0597891       0.71
0.963112 0.382485     0.71
 0.513149 -0.499334      0.71
  0.525021 -0.0848938       0.71
 0.602506 -0.461032      0.71
 0.576746 -0.418413      0.71
0.508705 0.408353     0.71
0.574657 0.259316     0.71
0.750318 0.300681     0.71
  0.8071 0.363395     0.71
 0.688487 -0.257776      0.71
0.400418 0.228713     0.71
0.413083 0.574112     0.71
 0.798809 -0.201337      0.71
 0.928885 -0.260181      0.71
 0.682549 0.0203087      0.71
 0.850405 -0.405402      0.71
 0.495327 -0.109847      0.71
 0.737313 -0.023172      0.71
  0.466231 -0.0510003       0.71
  0.75807 -0.367586      0.71
 0.639565 0.0897115      0.71
0.590196 0.131566     0.71
  1.0453 0.029582     0.71
 0.795232 0.0984648      0.71
0.564193 -0.30679     0.71
 0.789363 -0.368893      0.71
 0.808418 -0.320595      0.71
 0.963641 -0.139798      0.71
  1.03227 -0.572462      0.71
0.533349  -0.1397     0.71
0.824877    0.307     0.71
0.837257 -0.03254     0.71
 0.630297 -0.115302      0.71
0.875409 0.584123     0.71
 0.578714 -0.591979      0.71
0.778262 0.170873     0.71
 0.759713 -0.292552      0.71
0.509682 -0.55697     0.71
   1.14026 0.00801698       0.71
 0.61371 0.265226     0.71
  1.12393 0.0317632      0.71
0.760751 0.591169     0.71
1.0057 0.3976   0.71
 1.11931 0.295766     0.71
0.709687 0.274949     0.71
 1.18257 0.380648     0.71
0.953676 0.210265     0.71
0.912462 0.495622     0.71
0.458591 0.155013     0.71
 0.726059 -0.054837      0.71
  0.704785 -0.0507323       0.71
 0.596182 -0.158606      0.71
0.540687 0.366537     0.71
0.419024 0.278314     0.71
  1.15679 -0.449849      0.71
0.943016 0.257793     0.71
0.671909 0.327204     0.71
  0.48383 -0.259462      0.71
  0.70267 -0.276143      0.71
  1.08401 -0.291976      0.71
 0.893851 -0.528326      0.71
0.532177 0.311836     0.71
0.617801 0.199444     0.71
0.444212 0.164628     0.71
0.665268 0.319672     0.71
   0.768444 -0.00116228        0.71
 0.821086 -0.075545      0.71
  0.598684 -0.0196076       0.71
  0.90042 0.0895034      0.71
0.464874  0.38588     0.71
 1.04736 0.386419     0.71
1.18225 0.41195    0.71
0.966537 0.460322     0.71
  0.453916 -0.0460055       0.71
   1.11642 -0.0475351       0.71
0.938464 0.545736     0.71
0.709117 0.433033     0.71
0.904204 0.284558     0.71
0.948141 0.355394     0.71
0.827536 0.129086     0.71
0.706185 0.513559     0.71
 0.497876 -0.292155      0.71
0.791179 0.248929     0.71
0.498797 0.312125     0.71
0.833599 0.180718     0.71
0.746418 0.149587     0.71
  0.90892 -0.359811      0.71
 0.535137 -0.210506      0.71
 1.11121 0.367437     0.71
0.524093 0.202239     0.71
0.875613 0.159725     0.71
0.855781    0.195     0.71
0.726407 0.145304     0.71
0.96574 -0.2975    0.71
0.460016 0.586945     0.71
0.566242 0.114543     0.71
 0.560062 0.0259104      0.71
0.940467 0.105369     0.71
 0.918006 -0.252206      0.71
 0.942979 -0.245313      0.71
 0.480573 0.0373266      0.71
 0.590594 -0.381068      0.71
 0.523822 -0.464569      0.71
  0.70336 -0.489888      0.71
1.09026 0.30526    0.71
0.508701 0.417874     0.71
 0.664448 -0.315928      0.71
0.733023  0.44973     0.71
0.952102 0.310786     0.71
0.467538 0.538069     0.71
 0.896972 0.0245329      0.71
0.622385 0.283468     0.71
 0.746468 -0.116551      0.71
 0.941094 0.0506244      0.71
0.515001  0.14398     0.71
0.472093 0.180794     0.71
0.888234  0.46036     0.71
0.724457 0.461399     0.71
 0.656455 -0.397379      0.71
   1.109 0.116515     0.71
 0.840018 -0.201495      0.71
 0.840344 -0.375653      0.71
 0.918446 -0.404025      0.71
0.604807  0.13868     0.71
0.998028 0.207469     0.71
0.687845 0.357232     0.71
0.640277 -0.54305     0.71
 0.678374 -0.136244      0.71
 0.573078 0.0635199      0.71
  0.44142 -0.115451      0.71
 1.13564 0.551691     0.71
 0.948741 0.0627095      0.71
 0.67976 0.368703     0.71
0.638188 0.289129     0.71
 1.10503 0.500261     0.71
0.503265 0.403394     0.71
0.557398 0.163141     0.71
0.928841  0.45019     0.71
 1.08536 0.186658     0.71
 0.57248 0.354962     0.71
 0.989062 -0.545158      0.71
 1.12389 -0.35685     0.71
 0.706073 -0.302542      0.71
0.680035 0.360064     0.71
   1.12902 -0.0467047       0.71
0.851156 -0.50038     0.71
 0.858968 -0.159396      0.71
  1.06877 -0.281789      0.71
 0.982117 -0.445635      0.71
 0.502229 -0.492589      0.71
 0.550217 -0.584327      0.71
   1.12398 -0.0818246       0.71
 1.12779 0.354021     0.71
  0.869684 -0.0905488       0.71
 1.18931 0.121073     0.71
0.427787 0.588168     0.71
0.491356 0.557823     0.71
0.618173 0.548308     0.71
 1.01987 0.174588     0.71
  1.03861 -0.518724      0.71
 0.746708 -0.234608      0.71
 0.905071 -0.146196      0.71
 0.635091 -0.351191      0.71
0.671792 0.242121     0.71
  1.05284 0.0473622      0.71
 0.49309 -0.48377     0.71
0.776229 0.185362     0.71
 0.945282 0.0248837      0.71
0.620231 0.282079     0.71
 0.651157 -0.346395      0.71
 0.829265 -0.173899      0.71
 1.10832 0.184393     0.71
 0.666747 -0.017622      0.71
  1.17935 -0.339107      0.71
 1.01743 0.412401     0.71
  1.17804 -0.321718      0.71
 0.518607 -0.185231      0.71
0.530109 0.109939     0.71
 1.19118 0.268544     0.71
0.560534 0.111784     0.71
 0.66548 -0.35167     0.71
  1.18237 -0.372601      0.71
 1.15242 0.278549     0.71
 0.77209 0.111657     0.71
 0.435611 -0.478316      0.71
 0.690455 -0.259911      0.71
0.772265 0.521826     0.71
0.571828 0.516218     0.71
  0.882676 -0.0772928       0.71
0.503523 0.404589     0.71
 0.82935 0.298362     0.71
 0.899066 0.0153587      0.71
 0.881724 -0.214908      0.71
   1.07669 -0.0870802       0.71
0.698442 0.442102     0.71
 1.02071 0.367102     0.71
 0.984334 -0.432218      0.71
  0.75604 0.0849787      0.71
0.425265 0.222688     0.71
 0.672403 0.0748474      0.71
 0.963963 -0.292181      0.71
1.05708 -0.5028    0.71
0.884653 0.200356     0.71
0.742626 0.531113     0.71
  0.924617 -0.0791359       0.71
  1.19193 -0.372102      0.71
0.662706 0.293909     0.71
 0.502177 0.0195688      0.71
0.717671 0.427688     0.71
  0.928951 -0.0657027       0.71
 0.937947 -0.508575      0.71
 1.18671 0.538903     0.71
0.430046 0.376338     0.71
0.588817 0.379382     0.71
 1.19598 0.440199     0.71
0.756184 0.276805     0.71
 1.04826 0.309683     0.71
0.816052   0.2048     0.71
  1.04946 0.0965457      0.71
 0.94055 0.576169     0.71
 0.776446 -0.230389      0.71
  0.911154 -0.0705158       0.71
0.643879 0.603791     0.71
 1.17621 0.445633     0.71
 0.757788 -0.579371      0.71
 0.512339 -0.489019      0.71
0.662266 0.117949     0.71
   0.5801 -0.512461      0.71
 0.72841 0.330925     0.71
 0.862292 -0.400077      0.71
  0.600121 -0.0764522       0.71
  1.03127 -0.439288      0.71
 0.541006 -0.387222      0.71
  1.19493 -0.296842      0.71
  1.08763 -0.510277      0.71
 0.633776 -0.545847      0.71
   1.1728 -0.200575      0.71
0.773813 0.253969     0.71
  1.03589 -0.115416      0.71
  0.973101 -0.0480351       0.71
   1.1436 -0.238025      0.71
0.837802 0.213282     0.71
0.571376 0.508053     0.71
0.763027 -0.49002     0.71
0.935115 0.382526     0.71
 0.953265 -0.244956      0.71
 0.623955 -0.407995      0.71
0.531895 0.550658     0.71
 0.954108 0.0883798      0.71
0.478667 0.421498     0.71
0.942728 0.341469     0.71
0.450753 0.429369     0.71
   0.42338 -0.0158709       0.71
  1.18974 -0.573114      0.71
 0.648248 -0.385368      0.71
 1.00533 0.281792     0.71
 0.456945 0.0525925      0.71
0.883144 0.525457     0.71
0.959903 0.235515     0.71
 0.474542 -0.233016      0.71
  1.03078 -0.483457      0.71
 0.479313 -0.310026      0.71
0.880389 0.554604     0.71
  1.00207 -0.257156      0.71
0.466524 -0.48115     0.71
 0.429348 -0.377284      0.71
  0.79495 -0.173139      0.71
 0.634896 -0.183752      0.71
  0.630753 -0.0877804       0.71
  1.18465 -0.203805      0.71
 0.465879 -0.404083      0.71
 1.00098 0.525636     0.71
 0.965564 -0.200431      0.71
 0.863015 -0.554846      0.71
0.415475 0.013458     0.71
 0.634032 -0.281171      0.71
0.462772 0.130169     0.71
0.669106 0.430709     0.71
0.700295 0.121038     0.71
0.457862 0.431276     0.71
 0.751353 0.0893773      0.71
0.959688 0.565123     0.71
0.889163 0.393979     0.71
 0.66068 0.371483     0.71
 1.13926 0.489439     0.71
 0.443018 -0.248648      0.71
 1.13459 0.529346     0.71
 0.537935 -0.278671      0.71
 0.643864 0.0155598      0.71
 0.834381 -0.258004      0.71
0.969648 0.527071     0.71
 0.778606 -0.475244      0.71
 0.534404 -0.379309      0.71
 0.645895 -0.115499      0.71
 1.14051 0.451437     0.71
 0.912236 -0.366151      0.71
  1.03363 -0.400829      0.71
0.600279  0.41275     0.71
0.947358 -0.23261     0.71
  0.78302 -0.196256      0.71
0.502171 0.564761     0.71
 1.08286 -0.10314     0.71
  0.565431 -0.0250867       0.71
0.476313 0.268176     0.71
0.423725 0.537655     0.71
 0.64449 0.428546     0.71
  1.15556 -0.534321      0.71
  0.4764 -0.11927     0.71
 0.485291 0.0360485      0.71
 0.668165 0.0253286      0.71
0.496959 0.479172     0.71
 0.756096 -0.371332      0.71
  1.1236 0.231119     0.71
 0.932959 -0.412937      0.71
0.540735 0.146167     0.71
0.790228 0.319875     0.71
0.611065 0.503006     0.71
  1.15762 0.0855004      0.71
 0.687631 -0.376434      0.71
 0.986521 -0.268942      0.71
 0.888562 -0.515858      0.71
 0.843017 -0.263958      0.71
0.614787 0.152179     0.71
  1.18212 -0.555757      0.71
  1.13328 -0.567511      0.71
 0.938304 -0.220773      0.71
 0.55623 0.409491     0.71
0.841661 -0.12998     0.71
 0.549379 -0.394454      0.71
  0.95953 0.0899238      0.71
 0.787575 -0.574883      0.71
0.924629 0.436063     0.71
0.846293 0.240505     0.71
 0.585239 -0.594977      0.71
 0.656259 -0.322688      0.71
0.702667 0.435035     0.71
0.962388  0.22767     0.71
  1.17351 -0.102259      0.71
0.537514 0.204279     0.71
 0.73047 0.505841     0.71
  1.03533 -0.057032      0.71
 1.05762 0.102448     0.71
  0.51937 -0.441101      0.71
 0.428084 -0.268587      0.71
0.763679 0.524204     0.71
 0.858253 -0.247591      0.71
 0.841084 -0.524387      0.71
    1.00409 -0.00768275        0.71
 0.819057 -0.478891      0.71
 0.785371 0.0915277      0.71
0.577593 0.152402     0.71
 0.516561 -0.133027      0.71
 0.780784 -0.410365      0.71
0.550347 -0.19306     0.71
  1.11747 0.0415196      0.71
0.479828 -0.23566     0.71
0.503959 0.442194     0.71
  1.00823 -0.175329      0.71
    1.049 -0.449718      0.71
  1.09339 -0.341407      0.71
 1.12996 0.525299     0.71
0.563931 0.123176     0.71
0.796726 0.286582     0.71
 0.95906 0.532206     0.71
  1.1616 0.410018     0.71
 0.460719 0.0539112      0.71
0.601651 0.223448     0.71
 0.459169 0.0193304      0.71
0.689475 0.590797     0.71
 0.55966 0.246001     0.71
 0.519925 0.0678365      0.71
 0.704537 -0.499372      0.71
 1.05429 0.540738     0.71
 0.767653 -0.100807      0.71
 1.08463 0.408514     0.71
0.963001 0.388087     0.71
 0.660781 -0.577467      0.71
  0.517313 -0.0838585       0.71
  0.4905 0.386583     0.71
  1.1519 0.470375     0.71
 1.03891 0.523297     0.71
0.639997 0.233228     0.71
0.551552 0.238509     0.71
 0.632659 -0.230211      0.71
 0.570717 -0.149179      0.71
 0.855698 0.0624032      0.71
 1.04409 0.230316     0.71
0.807878 0.407402     0.71
0.485603  0.50779     0.71
0.890641 0.375096     0.71
0.885967 0.564464     0.71
  1.02834 -0.408569      0.71
  0.445881 -0.0439606       0.71
 0.550031 0.0486703      0.71
 1.17376 0.316507     0.71
 0.785851 -0.568383      0.71
 0.699335 -0.279186      0.71
0.713608 0.500656     0.71
 1.06554 0.397555     0.71
  0.674622 -0.0493839       0.71
 0.852876 -0.243594      0.71
0.982069 0.274383     0.71
0.788417 0.111139     0.71
 1.09974 0.244522     0.71
0.876581 0.387199     0.71
0.629714  0.31219     0.71
 1.07249 0.540321     0.71
 0.587327 -0.587083      0.71
0.649403 -0.41195     0.71
 0.877465 -0.342403      0.71
  1.06941 -0.535282      0.71
0.678292  0.47219     0.71
0.797138 0.343475     0.71
0.882279 0.158059     0.71
 1.19977 -0.32678     0.71
0.766228 0.225492     0.71
 0.60262 0.275881     0.71
0.897457 -0.15644     0.71
0.754709 0.151301     0.71
 0.562067 0.0810542      0.71
0.772932 0.492899     0.71
  0.6781 0.549633     0.71
  0.54264 -0.102091      0.71
0.407409 0.281315     0.71
0.903682 0.287609     0.71
   0.63114 -0.0568171       0.71
0.46461 0.11495    0.71
0.618623  0.30495     0.71
  1.13806 0.0968424      0.71
  0.98966 -0.421898      0.71
  0.983717 -0.0899682       0.71
 0.901239 -0.161959      0.71
 0.743618 -0.375175      0.71
0.618592 0.290637     0.71
0.614606 0.334005     0.71
  0.972981 0.00646351       0.71
0.985075 0.126168     0.71
 0.959056 -0.554771      0.71
   1.12259 0.00453473       0.71
0.729484 -0.33116     0.71
0.978075 -0.51152     0.71
 1.13507 0.321897     0.71
0.428214 0.499875     0.71
 0.772241 -0.460427      0.71
 0.62396 0.124979     0.71
0.696503 0.106377     0.71
0.534346 0.317711     0.71
 0.56908 0.419825     0.71
 0.848286 -0.447977      0.71
 0.819297 -0.189499      0.71
 1.13827 0.110589     0.71
0.584427 0.360473     0.71
  0.553629 -0.0625021       0.71
0.915384 0.001111     0.71
 0.615822 -0.573939      0.71
 1.03265 0.458132     0.71
 0.479298 -0.384919      0.71
  1.02648 0.0207259      0.71
 0.877764 0.0776688      0.71
0.712587 -0.30373     0.71
 0.420282 -0.525076      0.71
 0.645215 -0.554102      0.71
0.815591 0.172789     0.71
 0.529086 0.0236138      0.71
0.817665 0.278225     0.71
 0.551332 0.0758416      0.71
 1.06665 0.201023     0.71
 0.782297 -0.237443      0.71
 0.812589 -0.582194      0.71
 0.837536 -0.294818      0.71
0.790655 -0.20055     0.71
0.866966 0.151562     0.71
 1.10775 0.217591     0.71
0.707862 0.352655     0.71
0.759615 0.340857     0.71
 1.08867 0.557626     0.71
 0.956366 -0.321586      0.71
0.870913 0.149466     0.71
  0.762759 -0.0635347       0.71
 0.430901 -0.446428      0.71
 0.686498 -0.432036      0.71
 1.08179 -0.58249     0.71
 1.17821 0.014686     0.71
  1.01911 0.0442431      0.71
  1.10164 -0.364126      0.71
0.762398 0.548626     0.71
 1.12577 0.389644     0.71
  1.09707 0.0789134      0.71
 0.670378 0.0510083      0.71
 0.45223 0.095958     0.71
 0.517704 -0.467549      0.71
0.703712 0.468984     0.71
  1.12817 0.0827372      0.71
  0.94939 -0.565347      0.71
 0.477213 0.0179529      0.71
 0.88925 0.359361     0.71
   1.0569 0.0428776      0.71
 0.539095 -0.351857      0.71
  1.16691 0.0486465      0.71
 0.658992 -0.160166      0.71
 1.11085 -0.19535     0.71
 1.00664 0.101383     0.71
  1.14898 -0.131703      0.71
 0.850309 0.0623677      0.71
  1.01486 -0.569793      0.71
 0.773374 -0.218787      0.71
1.15182 0.46884    0.71
 1.06802 0.472423     0.71
0.572282 -0.30243     0.71
 0.655552 -0.362563      0.71
  0.757461 -0.0452114       0.71
0.783427 -0.17803     0.71
 0.850653 0.0586577      0.71
  1.01115 -0.317382      0.71
0.864727 0.145306     0.71
 0.959541 0.0144228      0.71
 0.67267 0.335747     0.71
0.822487 0.241881     0.71
0.431503 0.330355     0.71
 0.962594 -0.426163      0.71
 0.480448 0.0619782      0.71
0.468414  0.55644     0.71
0.434237 0.270739     0.71
0.521755 -0.47528     0.71
  0.69852 -0.280755      0.71
 1.04138 0.211321     0.71
 0.897597 -0.398163      0.71
 1.07867 0.139651     0.71
0.738073 -0.55711     0.71
0.445158 0.433759     0.71
0.596735 0.463388     0.71
 0.660195 -0.463478      0.71
 0.802956 -0.486426      0.71
0.538422 -0.60362     0.71
 1.04331 0.142195     0.71
 1.04204 0.594666     0.71
0.466047 0.201175     0.71
 0.443843 -0.538491      0.71
 0.54215 0.535479     0.71
 0.70192 0.403613     0.71
0.523228 0.154457     0.71
 0.544694 -0.567033      0.71
 0.793801 -0.568836      0.71
0.717161 0.583067     0.71
  1.04665 -0.507745      0.71
0.918144 0.492072     0.71
  1.04247 -0.310571      0.71
0.817654 0.388396     0.71
 0.631871 -0.450356      0.71
 0.481183 -0.365673      0.71
0.446933 0.145369     0.71
 0.674929 -0.185986      0.71
 0.442922 -0.528308      0.71
    1.1388 -0.0651575       0.71
0.728604 0.218399     0.71
 0.948812 -0.320181      0.71
0.577739 0.497401     0.71
 0.711045 -0.543872      0.71
0.642212  -0.4895     0.71
 0.644684 -0.156157      0.71
 0.609609 -0.279984      0.71
0.794025 0.216789     0.71
  0.44562 -0.473115      0.71
  1.11318 0.0406634      0.71
  1.07861 -0.495589      0.71
0.445611 0.408138     0.71
 0.41146 0.443663     0.71
0.658727 -0.41268     0.71
  1.17429 -0.174552      0.71
0.623023 0.268813     0.71
0.442007 0.521677     0.71
 1.09996 0.463846     0.71
 0.598857 -0.578914      0.71
0.700565 0.362564     0.71
 0.739612 -0.536896      0.71
0.406896  0.46926     0.71
 0.489179 -0.566296      0.71
 1.14386 0.296748     0.71
0.418632 0.384491     0.71
 1.16243 0.480465     0.71
 1.18941 0.149309     0.71
0.628965  0.36979     0.71
 1.13243 0.430419     0.71
0.587048 0.490415     0.71
  1.05906 -0.513518      0.71
 0.486116 -0.204097      0.71
0.645281 -0.34767     0.71
0.545437 0.235829     0.71
 0.616498 0.0704566      0.71
0.449255 0.316722     0.71
0.481209 -0.34617     0.71
 1.12588 0.460232     0.71
 0.444644 -0.127134      0.71
0.892465 0.151929     0.71
  0.870784 -0.0619156       0.71
   1.17281 0.00924403       0.71
  1.07994 0.0674855      0.71
0.869206  0.27548     0.71
 0.728553 -0.160721      0.71
 0.665801 -0.449694      0.71
  1.0863 0.442783     0.71
 0.571603 0.0517089      0.71
0.836689 0.557564     0.71
0.565737 0.412676     0.71
0.607483 0.516005     0.71
0.509683 0.189311     0.71
    1.0361 0.00964321       0.71
  1.00781 -0.198019      0.71
0.916302 0.569169     0.71
  0.664063 -0.0801935       0.71
 0.99367 0.553575     0.71
 0.647502 -0.270125      0.71
0.884557 0.462957     0.71
 0.592009 -0.545273      0.71
   1.11417 -0.0953175       0.71
 0.715959 -0.497396      0.71
 0.529227 -0.197323      0.71
 1.14405 0.491252     0.71
 1.01285 0.102237     0.71
0.870436 -0.39251     0.71
    1.05756 -0.00671978        0.71
1.11873 0.39877    0.71
0.992616 0.492725     0.71
0.42365  -0.467    0.71
 0.400542 -0.331892      0.71
 0.565123 -0.500958      0.71
0.715669 0.195249     0.71
0.622382  0.43752     0.71
0.501371 -0.56428     0.71
 0.581314 -0.116245      0.71
 0.746531 -0.564212      0.71
 0.984367 -0.390449      0.71
0.409363 -0.50826     0.71
 0.570262 -0.360975      0.71
 0.657499 -0.442496      0.71
  1.01634 0.0976644      0.71
 0.660171 -0.563297      0.71
 0.838436 -0.493179      0.71
0.478078 0.488696     0.71
   1.03524 -0.0820415       0.71
 0.815895 -0.182703      0.71
0.594625   0.4799     0.71
  1.11544 -0.165483      0.71
0.705215   0.1332     0.71
0.643214  0.33708     0.71
 1.15056 0.235814     0.71
0.497264 0.521211     0.71
0.421178 0.534479     0.71
  0.883666 -0.0453821       0.71
0.765665 0.513802     0.71
  1.02048 -0.118055      0.71
  1.10116 -0.583841      0.71
0.929491 0.511562     0.71
 0.974844 -0.140566      0.71
   1.1149 0.0578117      0.71
 0.972204 -0.292912      0.71
 1.02204 0.562717     0.71
0.868238 0.282878     0.71
  1.12993 -0.153265      0.71
1.14216 0.54661    0.71
0.645725 0.186789     0.71
 0.40145 0.289128     0.71
  0.776522 -0.0543543       0.71
  1.02241 -0.118372      0.71
0.438474 0.430204     0.71
 0.544659 -0.346772      0.71
 0.533158 -0.107866      0.71
  0.95816 -0.239842      0.71
  1.18891 -0.235171      0.71
 0.875072 -0.475187      0.71
 0.945673 -0.167234      0.71
0.992848 0.330963     0.71
  0.48341 -0.530436      0.71
0.561773 0.405317     0.71
  0.787481 -0.0146991       0.71
 0.618606 -0.573803      0.71
  0.503174 -0.0269946       0.71
0.792511  0.47468     0.71
0.949572  0.43121     0.71
0.401587 0.302576     0.71
 0.917242 0.0638346      0.71
 1.13588 0.530453     0.71
  0.473374 -0.0340509       0.71
 0.947542 -0.250925      0.71
 1.06437 0.374666     0.71
0.648133 0.306052     0.71
0.935254 0.385652     0.71
 0.538615 -0.585536      0.71
0.917926 0.422556     0.71
 0.584227 -0.304071      0.71
 1.10449 0.202275     0.71
  0.990679 -0.0641728       0.71
 0.998923 -0.331239      0.71
 0.481828 -0.270116      0.71
 0.732968 -0.490911      0.71
   0.506374 -0.00873412        0.71
0.562266 0.522302     0.71
 1.16277 0.451381     0.71
 0.608004 -0.558879      0.71
0.852709 0.406458     0.71
0.895825 0.478486     0.71
0.748067  0.14378     0.71
0.743166 -0.18411     0.71
  1.04224 -0.326212      0.71
0.407159 0.332827     0.71
 0.724607 -0.547285      0.71
0.717526 0.409521     0.71
 0.491917 -0.137617      0.71
  0.686335 -0.0495775       0.71
 0.434542 -0.189832      0.71
0.643501 0.387954     0.71
 0.513932 -0.457219      0.71
  1.13905 -0.278697      0.71
 0.443158 -0.544679      0.71
 0.731436 -0.499866      0.71
 1.17238 0.198767     0.71
 1.06061 0.483563     0.71
 0.618536 0.0669581      0.71
  0.72273 -0.215118      0.71
 1.05417 0.381285     0.71
  1.01639 -0.228136      0.71
0.413088 0.238832     0.71
0.506731  0.58462     0.71
0.761386 0.321918     0.71
  0.75912 -0.190436      0.71
   0.797319 -0.00999934        0.71
 0.823643 -0.466443      0.71
 0.704021 -0.340187      0.71
   0.632258 -0.00955429        0.71
  0.91235 -0.440898      0.71
   1.1368 -0.591701      0.71
    1.09173 -0.00132104        0.71
0.683873 0.109022     0.71
 1.01414 0.225097     0.71
0.625373 0.544215     0.71
 1.07627 0.503204     0.71
 0.56444 0.230026     0.71
  1.16582 -0.519716      0.71
 0.422723 -0.192626      0.71
  0.933946 -0.0159669       0.71
0.400451 0.550167     0.71
  0.75757 -0.465343      0.71
 0.992931 -0.466501      0.71
 0.495439 -0.525966      0.71
0.438424   0.3181     0.71
 0.425159 -0.460329      0.71
 0.561926 0.0478833      0.71
 0.867466 -0.207784      0.71
0.669165 0.421786     0.71
 0.548637 -0.592675      0.71
0.829154 0.352716     0.71
  0.504364 -0.0818215       0.71
0.462296 0.565376     0.71
 1.08609 0.491364     0.71
  0.975079 -0.0657007       0.71
  0.879144 -0.0989979       0.71
 1.17767 0.213146     0.71
  0.688724 -0.0626758       0.71
0.959057 0.545261     0.71
 0.662776 -0.423913      0.71
0.427364 0.574527     0.71
0.479509 0.153907     0.71
 0.738517 -0.101788      0.71
 0.995444 -0.176087      0.71
 0.810224 0.0364879      0.71
0.478721  0.10343     0.71
0.550851 0.068187     0.71
 0.727384 -0.192797      0.71
 0.771923 -0.420572      0.71
 1.07983 0.432846     0.71
 0.430573 -0.594219      0.71
 0.611896 0.0851412      0.71
  0.94461 -0.532689      0.71
   1.12866 0.00822021       0.71
  1.11343 -0.574104      0.71
 0.907219 -0.547803      0.71
0.611795 0.182382     0.71
0.881298 0.225081     0.71
0.409965  0.08311     0.71
 0.729366 -0.167802      0.71
 0.971429 -0.272201      0.71
0.514795 0.309099     0.71
 0.849383 -0.147136      0.71
  0.581716 -0.0187943       0.71
0.767646  0.22709     0.71
   1.15093 -0.0842288       0.71
 0.585766 -0.434385      0.71
  0.640298 -0.0481429       0.71
 1.13779 0.061446     0.71
 0.469972 -0.344619      0.71
 1.06786 0.236142     0.71
0.506714 0.142011     0.71
0.762472 0.205868     0.71
 0.946513 -0.374638      0.71
 0.980579 -0.399337      0.71
  1.14184 -0.336997      0.71
 0.891109 0.0708339      0.71
  0.704365 -0.0817037       0.71
 0.470187 -0.469487      0.71
 0.812872 0.0770209      0.71
0.447301 0.525479     0.71
 0.422194 -0.461114      0.71
 0.845946 -0.575313      0.71
 0.679196 -0.409621      0.71
0.827803 0.398074     0.71
 0.96213 0.292502     0.71
 0.527981 -0.476722      0.71
0.786242 0.552201     0.71
0.498093 0.125137     0.71
 0.481447 -0.489637      0.71
 1.06662 -0.16014     0.71
  0.73752 -0.499507      0.71
 0.714195 -0.534727      0.71
 1.08805 -0.57224     0.71
0.631671 0.312372     0.71
 0.758929 -0.405904      0.71
  1.10865 -0.105474      0.71
0.478062 0.416865     0.71
 0.445353 -0.394842      0.71
 1.02862 0.116823     0.71
 0.838433 0.0532408      0.71
 0.82613 0.244675     0.71
0.972845 0.378669     0.71
  1.0767 0.415443     0.71
  1.12177 -0.491076      0.71
  1.12784 -0.564661      0.71
0.676697 0.217198     0.71
0.959815 0.114373     0.71
0.996204 0.109048     0.71
  1.0832 0.154566     0.71
0.412681 0.466271     0.71
0.522955 0.199552     0.71
 0.732955 -0.381666      0.71
  1.16492 -0.207841      0.71
 0.781498 -0.216364      0.71
 1.01294 0.178211     0.71
   1.06298 -0.0367482       0.71
 0.818817 -0.303043      0.71
  1.13641 -0.259485      0.71
   1.08314 -0.0426756       0.71
0.497758 0.502206     0.71
 0.813888 -0.177395      0.71
0.967033  0.40144     0.71
0.424569 0.448404     0.71
 0.619793 -0.481874      0.71
  1.08892 -0.403768      0.71
 0.786371 -0.224759      0.71
  0.855053 -0.0246022       0.71
0.571387 0.549472     0.71
0.545149 -0.14061     0.71
0.486916 0.116982     0.71
 0.79151 0.134253     0.71
  1.00116 0.0879885      0.71
1.16031 0.57848    0.71
  1.01993 0.0676113      0.71
  1.07914 -0.465055      0.71
  1.11476 -0.112135      0.71
 0.478979 -0.277788      0.71
  1.02043 -0.190405      0.71
0.969673 -0.15776     0.71
 0.899355 -0.583714      0.71
  1.09439 -0.501057      0.71
 0.420899 0.0925577      0.71
 0.790083 0.0292865      0.71
 0.463759 0.0462252      0.71
 0.491765 -0.170008      0.71
  1.07141 0.0104271      0.71
0.838291 0.231658     0.71
 0.477135 -0.482137      0.71
 1.03545 0.524521     0.71
  0.981858 -0.0494369       0.71
 1.07581 0.201449     0.71
  0.900123 -0.0999079       0.71
0.773662  0.11314     0.71
  0.971485 -0.0135499       0.71
